Comparison[0.1973]  EntRel[0.1256]  Expansion[0.4640]  NoRel[0.0107]  Temporal[0.0168]  Contingency[0.1855]  Expansion
Comparison[0.0594]  EntRel[0.1291]  Expansion[0.4131]  NoRel[0.0530]  Temporal[0.0595]  Contingency[0.2860]  Expansion
Comparison[0.1177]  EntRel[0.3485]  Expansion[0.2598]  NoRel[0.0283]  Temporal[0.0929]  Contingency[0.1528]  EntRel
Comparison[0.1210]  EntRel[0.3677]  Expansion[0.1866]  NoRel[0.0489]  Temporal[0.1030]  Contingency[0.1728]  EntRel
Comparison[0.0394]  EntRel[0.8926]  Expansion[0.0434]  NoRel[0.0149]  Temporal[0.0081]  Contingency[0.0016]  EntRel
Comparison[0.1237]  EntRel[0.1210]  Expansion[0.5388]  NoRel[0.0011]  Temporal[0.0045]  Contingency[0.2108]  Expansion
Comparison[0.0940]  EntRel[0.1493]  Expansion[0.3080]  NoRel[0.0124]  Temporal[0.0072]  Contingency[0.4290]  Contingency
Comparison[0.1975]  EntRel[0.0933]  Expansion[0.3827]  NoRel[0.0324]  Temporal[0.0345]  Contingency[0.2597]  Expansion
Comparison[0.1242]  EntRel[0.2392]  Expansion[0.3027]  NoRel[0.0167]  Temporal[0.0805]  Contingency[0.2367]  Expansion
Comparison[0.1250]  EntRel[0.3016]  Expansion[0.3253]  NoRel[0.0025]  Temporal[0.1049]  Contingency[0.1407]  Expansion
Comparison[0.0662]  EntRel[0.3862]  Expansion[0.3863]  NoRel[0.0137]  Temporal[0.0943]  Contingency[0.0533]  Expansion
Comparison[0.0753]  EntRel[0.5675]  Expansion[0.2337]  NoRel[0.0193]  Temporal[0.0806]  Contingency[0.0236]  EntRel
Comparison[0.2718]  EntRel[0.1115]  Expansion[0.4656]  NoRel[0.0209]  Temporal[0.1157]  Contingency[0.0144]  Expansion
Comparison[0.0627]  EntRel[0.2465]  Expansion[0.3347]  NoRel[0.0660]  Temporal[0.0823]  Contingency[0.2077]  Expansion
Comparison[0.1459]  EntRel[0.4390]  Expansion[0.1606]  NoRel[0.0153]  Temporal[0.1954]  Contingency[0.0439]  EntRel
Comparison[0.1142]  EntRel[0.1966]  Expansion[0.3170]  NoRel[0.0058]  Temporal[0.2139]  Contingency[0.1524]  Expansion
Comparison[0.0580]  EntRel[0.3626]  Expansion[0.4512]  NoRel[0.0100]  Temporal[0.0804]  Contingency[0.0377]  Expansion
Comparison[0.0652]  EntRel[0.3954]  Expansion[0.2751]  NoRel[0.0656]  Temporal[0.0933]  Contingency[0.1054]  EntRel
Comparison[0.1297]  EntRel[0.1656]  Expansion[0.2702]  NoRel[0.0122]  Temporal[0.1473]  Contingency[0.2750]  Contingency
Comparison[0.1806]  EntRel[0.1215]  Expansion[0.4180]  NoRel[0.0050]  Temporal[0.0684]  Contingency[0.2065]  Expansion
Comparison[0.1535]  EntRel[0.2200]  Expansion[0.2657]  NoRel[0.0299]  Temporal[0.1369]  Contingency[0.1941]  Expansion
Comparison[0.1106]  EntRel[0.1590]  Expansion[0.3998]  NoRel[0.0303]  Temporal[0.0587]  Contingency[0.2417]  Expansion
Comparison[0.1484]  EntRel[0.2928]  Expansion[0.1457]  NoRel[0.0763]  Temporal[0.1623]  Contingency[0.1745]  EntRel
Comparison[0.0936]  EntRel[0.2432]  Expansion[0.3199]  NoRel[0.0166]  Temporal[0.1998]  Contingency[0.1269]  Expansion
Comparison[0.1199]  EntRel[0.2564]  Expansion[0.2399]  NoRel[0.0278]  Temporal[0.0679]  Contingency[0.2881]  Contingency
Comparison[0.1434]  EntRel[0.4016]  Expansion[0.2842]  NoRel[0.0109]  Temporal[0.0486]  Contingency[0.1113]  EntRel
Comparison[0.0259]  EntRel[0.7164]  Expansion[0.1466]  NoRel[0.0537]  Temporal[0.0450]  Contingency[0.0125]  EntRel
Comparison[0.1200]  EntRel[0.3256]  Expansion[0.2906]  NoRel[0.0150]  Temporal[0.1757]  Contingency[0.0731]  EntRel
Comparison[0.0711]  EntRel[0.2517]  Expansion[0.2591]  NoRel[0.0248]  Temporal[0.1759]  Contingency[0.2174]  Expansion
Comparison[0.1450]  EntRel[0.1724]  Expansion[0.2872]  NoRel[0.0363]  Temporal[0.0704]  Contingency[0.2887]  Contingency
Comparison[0.0722]  EntRel[0.2046]  Expansion[0.3539]  NoRel[0.0213]  Temporal[0.0699]  Contingency[0.2781]  Expansion
Comparison[0.0739]  EntRel[0.3637]  Expansion[0.4128]  NoRel[0.0335]  Temporal[0.0881]  Contingency[0.0279]  Expansion
Comparison[0.0440]  EntRel[0.6694]  Expansion[0.1270]  NoRel[0.1109]  Temporal[0.0388]  Contingency[0.0098]  EntRel
Comparison[0.0798]  EntRel[0.1516]  Expansion[0.4066]  NoRel[0.0131]  Temporal[0.0954]  Contingency[0.2535]  Expansion
Comparison[0.0580]  EntRel[0.4463]  Expansion[0.4140]  NoRel[0.0106]  Temporal[0.0599]  Contingency[0.0113]  EntRel
Comparison[0.3863]  EntRel[0.2135]  Expansion[0.3405]  NoRel[0.0084]  Temporal[0.0237]  Contingency[0.0276]  Comparison
Comparison[0.0968]  EntRel[0.3483]  Expansion[0.3523]  NoRel[0.0273]  Temporal[0.0786]  Contingency[0.0967]  Expansion
Comparison[0.2336]  EntRel[0.2029]  Expansion[0.3814]  NoRel[0.0156]  Temporal[0.1020]  Contingency[0.0645]  Expansion
Comparison[0.0729]  EntRel[0.4242]  Expansion[0.1593]  NoRel[0.0835]  Temporal[0.1803]  Contingency[0.0797]  EntRel
Comparison[0.1422]  EntRel[0.3415]  Expansion[0.3711]  NoRel[0.0648]  Temporal[0.0358]  Contingency[0.0445]  Expansion
Comparison[0.0855]  EntRel[0.1795]  Expansion[0.3846]  NoRel[0.0367]  Temporal[0.1569]  Contingency[0.1568]  Expansion
Comparison[0.0683]  EntRel[0.2323]  Expansion[0.3776]  NoRel[0.0048]  Temporal[0.0729]  Contingency[0.2440]  Expansion
Comparison[0.0731]  EntRel[0.3040]  Expansion[0.3414]  NoRel[0.0039]  Temporal[0.1320]  Contingency[0.1458]  Expansion
Comparison[0.1312]  EntRel[0.1888]  Expansion[0.2555]  NoRel[0.0244]  Temporal[0.1180]  Contingency[0.2822]  Contingency
Comparison[0.0780]  EntRel[0.3295]  Expansion[0.3150]  NoRel[0.0035]  Temporal[0.1186]  Contingency[0.1554]  EntRel
Comparison[0.0791]  EntRel[0.4379]  Expansion[0.1954]  NoRel[0.0106]  Temporal[0.0990]  Contingency[0.1780]  EntRel
Comparison[0.1291]  EntRel[0.2332]  Expansion[0.3453]  NoRel[0.0370]  Temporal[0.0732]  Contingency[0.1821]  Expansion
Comparison[0.1177]  EntRel[0.3361]  Expansion[0.1783]  NoRel[0.0145]  Temporal[0.0613]  Contingency[0.2921]  EntRel
Comparison[0.0532]  EntRel[0.3443]  Expansion[0.4044]  NoRel[0.0006]  Temporal[0.0422]  Contingency[0.1552]  Expansion
Comparison[0.1271]  EntRel[0.1031]  Expansion[0.2990]  NoRel[0.0043]  Temporal[0.0155]  Contingency[0.4510]  Contingency
Comparison[0.1021]  EntRel[0.0967]  Expansion[0.3691]  NoRel[0.0032]  Temporal[0.0276]  Contingency[0.4013]  Contingency
Comparison[0.1772]  EntRel[0.4215]  Expansion[0.2307]  NoRel[0.0133]  Temporal[0.1053]  Contingency[0.0519]  EntRel
Comparison[0.0700]  EntRel[0.3939]  Expansion[0.2268]  NoRel[0.0201]  Temporal[0.0400]  Contingency[0.2493]  EntRel
Comparison[0.1068]  EntRel[0.0793]  Expansion[0.3917]  NoRel[0.0017]  Temporal[0.0700]  Contingency[0.3506]  Expansion
Comparison[0.1049]  EntRel[0.2375]  Expansion[0.3844]  NoRel[0.0243]  Temporal[0.1039]  Contingency[0.1451]  Expansion
Comparison[0.0388]  EntRel[0.4115]  Expansion[0.4306]  NoRel[0.0516]  Temporal[0.0550]  Contingency[0.0126]  Expansion
Comparison[0.0379]  EntRel[0.3347]  Expansion[0.4295]  NoRel[0.0236]  Temporal[0.0516]  Contingency[0.1228]  Expansion
Comparison[0.0165]  EntRel[0.5114]  Expansion[0.1333]  NoRel[0.2666]  Temporal[0.0539]  Contingency[0.0183]  EntRel
Comparison[0.0927]  EntRel[0.3701]  Expansion[0.3778]  NoRel[0.0304]  Temporal[0.0261]  Contingency[0.1030]  Expansion
Comparison[0.0775]  EntRel[0.2466]  Expansion[0.3974]  NoRel[0.0089]  Temporal[0.0520]  Contingency[0.2176]  Expansion
Comparison[0.0395]  EntRel[0.5608]  Expansion[0.1898]  NoRel[0.0396]  Temporal[0.0567]  Contingency[0.1136]  EntRel
Comparison[0.0851]  EntRel[0.4819]  Expansion[0.3850]  NoRel[0.0031]  Temporal[0.0151]  Contingency[0.0298]  EntRel
Comparison[0.0666]  EntRel[0.7101]  Expansion[0.1798]  NoRel[0.0062]  Temporal[0.0246]  Contingency[0.0126]  EntRel
Comparison[0.0992]  EntRel[0.5229]  Expansion[0.2314]  NoRel[0.0361]  Temporal[0.0490]  Contingency[0.0614]  EntRel
