Expansion[0.0321]  Contingency[0.0006]  Comparison[0.9655]  Temporal[0.0017]  Comparison
Expansion[0.9670]  Contingency[0.0081]  Comparison[0.0248]  Temporal[0.0002]  Expansion
Expansion[0.9904]  Contingency[0.0023]  Comparison[0.0072]  Temporal[0.0001]  Expansion
Expansion[0.0060]  Contingency[0.9507]  Comparison[0.0178]  Temporal[0.0254]  Contingency
Expansion[0.0321]  Contingency[0.0006]  Comparison[0.9655]  Temporal[0.0017]  Comparison
Expansion[0.0003]  Contingency[0.9583]  Comparison[0.0021]  Temporal[0.0393]  Contingency
Expansion[0.0207]  Contingency[0.0055]  Comparison[0.9718]  Temporal[0.0020]  Comparison
Expansion[0.0083]  Contingency[0.4322]  Comparison[0.0130]  Temporal[0.5466]  Temporal
Expansion[0.0003]  Contingency[0.9583]  Comparison[0.0021]  Temporal[0.0393]  Contingency
Expansion[0.0103]  Contingency[0.0312]  Comparison[0.0305]  Temporal[0.9279]  Temporal
Expansion[0.0053]  Contingency[0.0773]  Comparison[0.0157]  Temporal[0.9017]  Temporal
Expansion[0.0027]  Contingency[0.0058]  Comparison[0.0177]  Temporal[0.9737]  Temporal
Expansion[0.0003]  Contingency[0.1450]  Comparison[0.0010]  Temporal[0.8537]  Temporal
Expansion[0.0002]  Contingency[0.3073]  Comparison[0.0373]  Temporal[0.6552]  Temporal
Expansion[0.0258]  Contingency[0.0012]  Comparison[0.9718]  Temporal[0.0012]  Comparison
Expansion[0.9709]  Contingency[0.0216]  Comparison[0.0039]  Temporal[0.0036]  Expansion
Expansion[0.9945]  Contingency[0.0005]  Comparison[0.0040]  Temporal[0.0010]  Expansion
Expansion[0.9069]  Contingency[0.0765]  Comparison[0.0079]  Temporal[0.0087]  Expansion
Expansion[0.9904]  Contingency[0.0023]  Comparison[0.0072]  Temporal[0.0001]  Expansion
Expansion[0.0003]  Contingency[0.1450]  Comparison[0.0010]  Temporal[0.8537]  Temporal
Expansion[0.9901]  Contingency[0.0074]  Comparison[0.0013]  Temporal[0.0012]  Expansion
Expansion[0.0180]  Contingency[0.9711]  Comparison[0.0059]  Temporal[0.0049]  Contingency
Expansion[0.0001]  Contingency[0.9888]  Comparison[0.0006]  Temporal[0.0106]  Contingency
Expansion[0.9670]  Contingency[0.0081]  Comparison[0.0248]  Temporal[0.0002]  Expansion
Expansion[0.1760]  Contingency[0.0167]  Comparison[0.6248]  Temporal[0.1826]  Comparison
Expansion[0.4190]  Contingency[0.0136]  Comparison[0.1005]  Temporal[0.4668]  Temporal
