Expansion[0.0026]  Contingency[0.0032]  Comparison[0.9910]  Temporal[0.0032]  Comparison
Expansion[0.0013]  Contingency[0.9893]  Comparison[0.0039]  Temporal[0.0055]  Contingency
Expansion[0.0013]  Contingency[0.9893]  Comparison[0.0039]  Temporal[0.0055]  Contingency
Expansion[0.0013]  Contingency[0.9893]  Comparison[0.0039]  Temporal[0.0055]  Contingency
Expansion[0.0060]  Contingency[0.9507]  Comparison[0.0178]  Temporal[0.0254]  Contingency
Expansion[0.0303]  Contingency[0.0009]  Comparison[0.9679]  Temporal[0.0009]  Comparison
Expansion[0.0014]  Contingency[0.9890]  Comparison[0.0040]  Temporal[0.0057]  Contingency
Expansion[0.0002]  Contingency[0.2168]  Comparison[0.0213]  Temporal[0.7617]  Temporal
Expansion[0.0711]  Contingency[0.0146]  Comparison[0.0013]  Temporal[0.9129]  Temporal
Expansion[0.9901]  Contingency[0.0074]  Comparison[0.0013]  Temporal[0.0012]  Expansion
Expansion[0.0321]  Contingency[0.0006]  Comparison[0.9655]  Temporal[0.0017]  Comparison
Expansion[0.9069]  Contingency[0.0765]  Comparison[0.0079]  Temporal[0.0087]  Expansion
Expansion[0.0191]  Contingency[0.0021]  Comparison[0.0063]  Temporal[0.9726]  Temporal
Expansion[0.9709]  Contingency[0.0216]  Comparison[0.0039]  Temporal[0.0036]  Expansion
Expansion[0.0321]  Contingency[0.0006]  Comparison[0.9655]  Temporal[0.0017]  Comparison
Expansion[0.9945]  Contingency[0.0005]  Comparison[0.0040]  Temporal[0.0010]  Expansion
Expansion[0.9730]  Contingency[0.0072]  Comparison[0.0036]  Temporal[0.0162]  Expansion
Expansion[0.0002]  Contingency[0.3073]  Comparison[0.0373]  Temporal[0.6552]  Temporal
Expansion[0.0041]  Contingency[0.0576]  Comparison[0.0466]  Temporal[0.8917]  Temporal
Expansion[0.0407]  Contingency[0.0536]  Comparison[0.4258]  Temporal[0.4798]  Temporal
Expansion[0.2289]  Contingency[0.1518]  Comparison[0.4466]  Temporal[0.1727]  Comparison
Expansion[0.0321]  Contingency[0.0006]  Comparison[0.9655]  Temporal[0.0017]  Comparison
Expansion[0.0002]  Contingency[0.2589]  Comparison[0.0009]  Temporal[0.7399]  Temporal
Expansion[0.0001]  Contingency[0.9469]  Comparison[0.0413]  Temporal[0.0117]  Contingency
Expansion[0.8987]  Contingency[0.0407]  Comparison[0.0202]  Temporal[0.0405]  Expansion
Expansion[0.0117]  Contingency[0.0003]  Comparison[0.9876]  Temporal[0.0003]  Comparison
Expansion[0.9069]  Contingency[0.0765]  Comparison[0.0079]  Temporal[0.0087]  Expansion
Expansion[0.0124]  Contingency[0.0031]  Comparison[0.9766]  Temporal[0.0079]  Comparison
Expansion[0.0038]  Contingency[0.9555]  Comparison[0.0153]  Temporal[0.0254]  Contingency
Expansion[0.0003]  Contingency[0.1450]  Comparison[0.0010]  Temporal[0.8537]  Temporal
Expansion[0.8967]  Contingency[0.0054]  Comparison[0.0404]  Temporal[0.0576]  Expansion
Expansion[0.0002]  Contingency[0.2168]  Comparison[0.0213]  Temporal[0.7617]  Temporal
Expansion[0.0002]  Contingency[0.4399]  Comparison[0.0007]  Temporal[0.5593]  Temporal
Expansion[0.9904]  Contingency[0.0023]  Comparison[0.0072]  Temporal[0.0001]  Expansion
Expansion[0.0058]  Contingency[0.0418]  Comparison[0.0171]  Temporal[0.9352]  Temporal
Expansion[0.0035]  Contingency[0.2417]  Comparison[0.0104]  Temporal[0.7444]  Temporal
Expansion[0.9723]  Contingency[0.0167]  Comparison[0.0018]  Temporal[0.0092]  Expansion
Expansion[0.0321]  Contingency[0.0006]  Comparison[0.9655]  Temporal[0.0017]  Comparison
Expansion[0.0321]  Contingency[0.0006]  Comparison[0.9655]  Temporal[0.0017]  Comparison
Expansion[0.9879]  Contingency[0.0007]  Comparison[0.0100]  Temporal[0.0014]  Expansion
Expansion[0.0321]  Contingency[0.0006]  Comparison[0.9655]  Temporal[0.0017]  Comparison
Expansion[0.9723]  Contingency[0.0167]  Comparison[0.0018]  Temporal[0.0092]  Expansion
Expansion[0.9709]  Contingency[0.0216]  Comparison[0.0039]  Temporal[0.0036]  Expansion
