Comparison[0.0689]  EntRel[0.3569]  Expansion[0.3612]  NoRel[0.0537]  Temporal[0.0905]  Contingency[0.0689]  Expansion
Comparison[0.1232]  EntRel[0.6780]  Expansion[0.1082]  NoRel[0.0502]  Temporal[0.0215]  Contingency[0.0188]  EntRel
Comparison[0.0542]  EntRel[0.3813]  Expansion[0.3621]  NoRel[0.1255]  Temporal[0.0216]  Contingency[0.0552]  EntRel
Comparison[0.2453]  EntRel[0.3284]  Expansion[0.2156]  NoRel[0.0306]  Temporal[0.0611]  Contingency[0.1191]  EntRel
Comparison[0.1201]  EntRel[0.2578]  Expansion[0.3028]  NoRel[0.0494]  Temporal[0.1353]  Contingency[0.1347]  Expansion
Comparison[0.0661]  EntRel[0.3881]  Expansion[0.4248]  NoRel[0.0161]  Temporal[0.0637]  Contingency[0.0412]  Expansion
Comparison[0.1487]  EntRel[0.4720]  Expansion[0.3119]  NoRel[0.0073]  Temporal[0.0455]  Contingency[0.0147]  EntRel
Comparison[0.1182]  EntRel[0.4502]  Expansion[0.3409]  NoRel[0.0181]  Temporal[0.0137]  Contingency[0.0589]  EntRel
Comparison[0.1537]  EntRel[0.1646]  Expansion[0.4606]  NoRel[0.0318]  Temporal[0.0538]  Contingency[0.1356]  Expansion
Comparison[0.0964]  EntRel[0.2303]  Expansion[0.5919]  NoRel[0.0168]  Temporal[0.0366]  Contingency[0.0280]  Expansion
Comparison[0.0520]  EntRel[0.5901]  Expansion[0.2469]  NoRel[0.0462]  Temporal[0.0433]  Contingency[0.0215]  EntRel
Comparison[0.1131]  EntRel[0.4851]  Expansion[0.3377]  NoRel[0.0065]  Temporal[0.0259]  Contingency[0.0318]  EntRel
Comparison[0.0282]  EntRel[0.7297]  Expansion[0.1227]  NoRel[0.0964]  Temporal[0.0055]  Contingency[0.0175]  EntRel
Comparison[0.1114]  EntRel[0.2131]  Expansion[0.3524]  NoRel[0.0055]  Temporal[0.0126]  Contingency[0.3050]  Expansion
Comparison[0.0855]  EntRel[0.1906]  Expansion[0.4907]  NoRel[0.0408]  Temporal[0.0657]  Contingency[0.1266]  Expansion
Comparison[0.1387]  EntRel[0.2587]  Expansion[0.2563]  NoRel[0.0234]  Temporal[0.0713]  Contingency[0.2517]  EntRel
Comparison[0.0620]  EntRel[0.4900]  Expansion[0.2929]  NoRel[0.0089]  Temporal[0.0081]  Contingency[0.1381]  EntRel
Comparison[0.1193]  EntRel[0.4517]  Expansion[0.2876]  NoRel[0.0142]  Temporal[0.0483]  Contingency[0.0789]  EntRel
Comparison[0.0663]  EntRel[0.3291]  Expansion[0.2922]  NoRel[0.0583]  Temporal[0.1029]  Contingency[0.1511]  EntRel
Comparison[0.1045]  EntRel[0.5228]  Expansion[0.1749]  NoRel[0.0447]  Temporal[0.0899]  Contingency[0.0632]  EntRel
Comparison[0.0987]  EntRel[0.2854]  Expansion[0.2758]  NoRel[0.0490]  Temporal[0.1023]  Contingency[0.1889]  EntRel
Comparison[0.0450]  EntRel[0.4052]  Expansion[0.5055]  NoRel[0.0110]  Temporal[0.0231]  Contingency[0.0101]  Expansion
Comparison[0.0466]  EntRel[0.6577]  Expansion[0.1650]  NoRel[0.0416]  Temporal[0.0768]  Contingency[0.0123]  EntRel
Comparison[0.2166]  EntRel[0.3023]  Expansion[0.2637]  NoRel[0.0091]  Temporal[0.0741]  Contingency[0.1342]  EntRel
Comparison[0.0717]  EntRel[0.4057]  Expansion[0.2816]  NoRel[0.0099]  Temporal[0.1529]  Contingency[0.0782]  EntRel
Comparison[0.1714]  EntRel[0.3439]  Expansion[0.2738]  NoRel[0.0374]  Temporal[0.0454]  Contingency[0.1281]  EntRel
Comparison[0.0525]  EntRel[0.7559]  Expansion[0.0803]  NoRel[0.0569]  Temporal[0.0451]  Contingency[0.0093]  EntRel
Comparison[0.1895]  EntRel[0.4069]  Expansion[0.2442]  NoRel[0.0129]  Temporal[0.0326]  Contingency[0.1139]  EntRel
Comparison[0.1568]  EntRel[0.2499]  Expansion[0.3764]  NoRel[0.0070]  Temporal[0.0460]  Contingency[0.1639]  Expansion
Comparison[0.0465]  EntRel[0.2665]  Expansion[0.5714]  NoRel[0.0087]  Temporal[0.0207]  Contingency[0.0863]  Expansion
Comparison[0.0250]  EntRel[0.5452]  Expansion[0.4153]  NoRel[0.0064]  Temporal[0.0007]  Contingency[0.0075]  EntRel
Comparison[0.0675]  EntRel[0.5613]  Expansion[0.3012]  NoRel[0.0141]  Temporal[0.0206]  Contingency[0.0353]  EntRel
Comparison[0.0917]  EntRel[0.3424]  Expansion[0.3583]  NoRel[0.0810]  Temporal[0.0330]  Contingency[0.0936]  Expansion
Comparison[0.1015]  EntRel[0.3742]  Expansion[0.3874]  NoRel[0.0030]  Temporal[0.0126]  Contingency[0.1214]  Expansion
Comparison[0.0356]  EntRel[0.5312]  Expansion[0.3891]  NoRel[0.0032]  Temporal[0.0177]  Contingency[0.0232]  EntRel
Comparison[0.1431]  EntRel[0.1504]  Expansion[0.4196]  NoRel[0.0019]  Temporal[0.0242]  Contingency[0.2608]  Expansion
Comparison[0.1156]  EntRel[0.2348]  Expansion[0.3808]  NoRel[0.0278]  Temporal[0.0951]  Contingency[0.1458]  Expansion
Comparison[0.0818]  EntRel[0.2772]  Expansion[0.5080]  NoRel[0.0066]  Temporal[0.0278]  Contingency[0.0986]  Expansion
Comparison[0.0238]  EntRel[0.4809]  Expansion[0.3805]  NoRel[0.0283]  Temporal[0.0400]  Contingency[0.0465]  EntRel
Comparison[0.0992]  EntRel[0.4873]  Expansion[0.2370]  NoRel[0.0103]  Temporal[0.0491]  Contingency[0.1171]  EntRel
Comparison[0.1534]  EntRel[0.3423]  Expansion[0.2840]  NoRel[0.0090]  Temporal[0.0276]  Contingency[0.1837]  EntRel
Comparison[0.0388]  EntRel[0.2726]  Expansion[0.4933]  NoRel[0.0107]  Temporal[0.0828]  Contingency[0.1018]  Expansion
Comparison[0.1145]  EntRel[0.2822]  Expansion[0.4375]  NoRel[0.0069]  Temporal[0.1016]  Contingency[0.0574]  Expansion
