Comparison[0.0935]  EntRel[0.4496]  Expansion[0.3212]  NoRel[0.0327]  Temporal[0.0223]  Contingency[0.0807]  EntRel
Comparison[0.1390]  EntRel[0.3340]  Expansion[0.2778]  NoRel[0.0789]  Temporal[0.0340]  Contingency[0.1363]  EntRel
Comparison[0.0786]  EntRel[0.3861]  Expansion[0.2864]  NoRel[0.0886]  Temporal[0.0629]  Contingency[0.0974]  EntRel
Comparison[0.0789]  EntRel[0.4168]  Expansion[0.3586]  NoRel[0.0736]  Temporal[0.0453]  Contingency[0.0269]  EntRel
Comparison[0.1444]  EntRel[0.1850]  Expansion[0.3805]  NoRel[0.0296]  Temporal[0.0836]  Contingency[0.1770]  Expansion
Comparison[0.0933]  EntRel[0.3036]  Expansion[0.3438]  NoRel[0.0146]  Temporal[0.0694]  Contingency[0.1752]  Expansion
Comparison[0.0471]  EntRel[0.3260]  Expansion[0.5529]  NoRel[0.0045]  Temporal[0.0370]  Contingency[0.0325]  Expansion
Comparison[0.1848]  EntRel[0.3252]  Expansion[0.2906]  NoRel[0.0116]  Temporal[0.0641]  Contingency[0.1236]  EntRel
Comparison[0.1014]  EntRel[0.4361]  Expansion[0.2367]  NoRel[0.0197]  Temporal[0.0699]  Contingency[0.1362]  EntRel
Comparison[0.0718]  EntRel[0.2427]  Expansion[0.5141]  NoRel[0.0097]  Temporal[0.0658]  Contingency[0.0960]  Expansion
Comparison[0.1050]  EntRel[0.3198]  Expansion[0.2957]  NoRel[0.0128]  Temporal[0.1578]  Contingency[0.1089]  EntRel
Comparison[0.0747]  EntRel[0.2880]  Expansion[0.4116]  NoRel[0.0268]  Temporal[0.0879]  Contingency[0.1109]  Expansion
Comparison[0.1162]  EntRel[0.2054]  Expansion[0.4402]  NoRel[0.0099]  Temporal[0.0487]  Contingency[0.1796]  Expansion
