Expansion[0.9849]  Contingency[0.0023]  Comparison[0.0070]  Temporal[0.0058]  Expansion
Expansion[0.0067]  Contingency[0.0149]  Comparison[0.9683]  Temporal[0.0100]  Comparison
Expansion[0.0060]  Contingency[0.9507]  Comparison[0.0178]  Temporal[0.0254]  Contingency
Expansion[0.0008]  Contingency[0.0054]  Comparison[0.9799]  Temporal[0.0138]  Comparison
Expansion[0.0010]  Contingency[0.9877]  Comparison[0.0042]  Temporal[0.0070]  Contingency
Expansion[0.0258]  Contingency[0.0012]  Comparison[0.9718]  Temporal[0.0012]  Comparison
Expansion[0.9069]  Contingency[0.0765]  Comparison[0.0079]  Temporal[0.0087]  Expansion
Expansion[0.0060]  Contingency[0.9507]  Comparison[0.0178]  Temporal[0.0254]  Contingency
Expansion[0.0060]  Contingency[0.9507]  Comparison[0.0178]  Temporal[0.0254]  Contingency
Expansion[0.0258]  Contingency[0.0012]  Comparison[0.9718]  Temporal[0.0012]  Comparison
Expansion[0.0000]  Contingency[0.0261]  Comparison[0.0032]  Temporal[0.9707]  Temporal
Expansion[0.0321]  Contingency[0.0006]  Comparison[0.9655]  Temporal[0.0017]  Comparison
Expansion[0.9670]  Contingency[0.0081]  Comparison[0.0248]  Temporal[0.0002]  Expansion
Expansion[0.2987]  Contingency[0.0090]  Comparison[0.2205]  Temporal[0.4719]  Temporal
Expansion[0.0002]  Contingency[0.3073]  Comparison[0.0373]  Temporal[0.6552]  Temporal
Expansion[0.0003]  Contingency[0.8548]  Comparison[0.0072]  Temporal[0.1378]  Contingency
Expansion[0.0321]  Contingency[0.0006]  Comparison[0.9655]  Temporal[0.0017]  Comparison
Expansion[0.9069]  Contingency[0.0765]  Comparison[0.0079]  Temporal[0.0087]  Expansion
