Expansion[0.9709]  Contingency[0.0216]  Comparison[0.0039]  Temporal[0.0036]  Expansion
Expansion[0.0041]  Contingency[0.0576]  Comparison[0.0466]  Temporal[0.8917]  Temporal
Expansion[0.9719]  Contingency[0.0181]  Comparison[0.0033]  Temporal[0.0066]  Expansion
Expansion[0.0014]  Contingency[0.9890]  Comparison[0.0040]  Temporal[0.0057]  Contingency
Expansion[0.9508]  Contingency[0.0020]  Comparison[0.0430]  Temporal[0.0042]  Expansion
Expansion[0.0003]  Contingency[0.4252]  Comparison[0.0010]  Temporal[0.5736]  Temporal
Expansion[0.9508]  Contingency[0.0020]  Comparison[0.0430]  Temporal[0.0042]  Expansion
Expansion[0.8371]  Contingency[0.0019]  Comparison[0.0144]  Temporal[0.1465]  Expansion
Expansion[0.0008]  Contingency[0.0114]  Comparison[0.0092]  Temporal[0.9786]  Temporal
Expansion[0.9945]  Contingency[0.0005]  Comparison[0.0040]  Temporal[0.0010]  Expansion
Expansion[0.1760]  Contingency[0.0167]  Comparison[0.6248]  Temporal[0.1826]  Comparison
Expansion[0.0060]  Contingency[0.9507]  Comparison[0.0178]  Temporal[0.0254]  Contingency
Expansion[0.0096]  Contingency[0.9845]  Comparison[0.0032]  Temporal[0.0026]  Contingency
Expansion[0.9709]  Contingency[0.0216]  Comparison[0.0039]  Temporal[0.0036]  Expansion
Expansion[0.0083]  Contingency[0.4322]  Comparison[0.0130]  Temporal[0.5466]  Temporal
Expansion[0.0013]  Contingency[0.9893]  Comparison[0.0039]  Temporal[0.0055]  Contingency
Expansion[0.9112]  Contingency[0.0844]  Comparison[0.0023]  Temporal[0.0021]  Expansion
Expansion[0.0207]  Contingency[0.0055]  Comparison[0.9718]  Temporal[0.0020]  Comparison
Expansion[0.0002]  Contingency[0.3073]  Comparison[0.0373]  Temporal[0.6552]  Temporal
Expansion[0.0116]  Contingency[0.0003]  Comparison[0.9877]  Temporal[0.0003]  Comparison
Expansion[0.9560]  Contingency[0.0024]  Comparison[0.0365]  Temporal[0.0051]  Expansion
Expansion[0.0060]  Contingency[0.9507]  Comparison[0.0178]  Temporal[0.0254]  Contingency
Expansion[0.9069]  Contingency[0.0765]  Comparison[0.0079]  Temporal[0.0087]  Expansion
Expansion[0.9667]  Contingency[0.0075]  Comparison[0.0066]  Temporal[0.0192]  Expansion
Expansion[0.9898]  Contingency[0.0009]  Comparison[0.0074]  Temporal[0.0019]  Expansion
Expansion[0.9709]  Contingency[0.0216]  Comparison[0.0039]  Temporal[0.0036]  Expansion
Expansion[0.9820]  Contingency[0.0043]  Comparison[0.0133]  Temporal[0.0004]  Expansion
Expansion[0.9904]  Contingency[0.0026]  Comparison[0.0038]  Temporal[0.0032]  Expansion
Expansion[0.9910]  Contingency[0.0008]  Comparison[0.0066]  Temporal[0.0017]  Expansion
Expansion[0.9069]  Contingency[0.0765]  Comparison[0.0079]  Temporal[0.0087]  Expansion
Expansion[0.0041]  Contingency[0.0227]  Comparison[0.8552]  Temporal[0.1181]  Comparison
