Comparison[0.0496]  EntRel[0.1913]  Expansion[0.7322]  NoRel[0.0017]  Temporal[0.0016]  Contingency[0.0235]  Expansion
Comparison[0.0715]  EntRel[0.6078]  Expansion[0.1865]  NoRel[0.0519]  Temporal[0.0117]  Contingency[0.0706]  EntRel
Comparison[0.1071]  EntRel[0.4403]  Expansion[0.2423]  NoRel[0.0432]  Temporal[0.0583]  Contingency[0.1088]  EntRel
Comparison[0.0910]  EntRel[0.3414]  Expansion[0.3290]  NoRel[0.0729]  Temporal[0.0156]  Contingency[0.1502]  EntRel
Comparison[0.0700]  EntRel[0.1613]  Expansion[0.5511]  NoRel[0.0081]  Temporal[0.0414]  Contingency[0.1681]  Expansion
Comparison[0.0986]  EntRel[0.1978]  Expansion[0.2600]  NoRel[0.0013]  Temporal[0.0250]  Contingency[0.4173]  Contingency
Comparison[0.0578]  EntRel[0.4701]  Expansion[0.3743]  NoRel[0.0057]  Temporal[0.0222]  Contingency[0.0699]  EntRel
Comparison[0.0504]  EntRel[0.5368]  Expansion[0.2666]  NoRel[0.0577]  Temporal[0.0630]  Contingency[0.0256]  EntRel
Comparison[0.0494]  EntRel[0.4391]  Expansion[0.4129]  NoRel[0.0294]  Temporal[0.0210]  Contingency[0.0482]  EntRel
Comparison[0.0819]  EntRel[0.5018]  Expansion[0.3623]  NoRel[0.0116]  Temporal[0.0174]  Contingency[0.0250]  EntRel
Comparison[0.2084]  EntRel[0.1708]  Expansion[0.3557]  NoRel[0.0082]  Temporal[0.0332]  Contingency[0.2236]  Expansion
Comparison[0.0557]  EntRel[0.0473]  Expansion[0.7512]  NoRel[0.0016]  Temporal[0.0025]  Contingency[0.1417]  Expansion
Comparison[0.0763]  EntRel[0.3999]  Expansion[0.4474]  NoRel[0.0572]  Temporal[0.0082]  Contingency[0.0110]  Expansion
Comparison[0.0501]  EntRel[0.7207]  Expansion[0.2008]  NoRel[0.0157]  Temporal[0.0110]  Contingency[0.0016]  EntRel
Comparison[0.0642]  EntRel[0.5702]  Expansion[0.1568]  NoRel[0.1133]  Temporal[0.0770]  Contingency[0.0185]  EntRel
Comparison[0.0933]  EntRel[0.2984]  Expansion[0.3007]  NoRel[0.0181]  Temporal[0.1241]  Contingency[0.1653]  Expansion
Comparison[0.0466]  EntRel[0.4758]  Expansion[0.3623]  NoRel[0.0048]  Temporal[0.0209]  Contingency[0.0896]  EntRel
Comparison[0.1300]  EntRel[0.2412]  Expansion[0.4104]  NoRel[0.0031]  Temporal[0.0164]  Contingency[0.1990]  Expansion
Comparison[0.0938]  EntRel[0.2780]  Expansion[0.4214]  NoRel[0.0399]  Temporal[0.0539]  Contingency[0.1130]  Expansion
Comparison[0.1366]  EntRel[0.5080]  Expansion[0.2829]  NoRel[0.0091]  Temporal[0.0449]  Contingency[0.0185]  EntRel
Comparison[0.1032]  EntRel[0.4765]  Expansion[0.2930]  NoRel[0.0318]  Temporal[0.0478]  Contingency[0.0478]  EntRel
Comparison[0.0746]  EntRel[0.5207]  Expansion[0.2526]  NoRel[0.0263]  Temporal[0.0536]  Contingency[0.0722]  EntRel
Comparison[0.0356]  EntRel[0.5750]  Expansion[0.3440]  NoRel[0.0319]  Temporal[0.0110]  Contingency[0.0024]  EntRel
Comparison[0.0271]  EntRel[0.7898]  Expansion[0.0911]  NoRel[0.0757]  Temporal[0.0151]  Contingency[0.0012]  EntRel
Comparison[0.0647]  EntRel[0.1230]  Expansion[0.6559]  NoRel[0.0230]  Temporal[0.0234]  Contingency[0.1100]  Expansion
Comparison[0.1508]  EntRel[0.2520]  Expansion[0.3845]  NoRel[0.0086]  Temporal[0.0628]  Contingency[0.1413]  Expansion
Comparison[0.1590]  EntRel[0.1812]  Expansion[0.5101]  NoRel[0.0033]  Temporal[0.0065]  Contingency[0.1398]  Expansion
Comparison[0.1353]  EntRel[0.2027]  Expansion[0.3214]  NoRel[0.0369]  Temporal[0.0181]  Contingency[0.2855]  Expansion
Comparison[0.1212]  EntRel[0.3441]  Expansion[0.3601]  NoRel[0.0339]  Temporal[0.0206]  Contingency[0.1200]  Expansion
Comparison[0.0650]  EntRel[0.0712]  Expansion[0.3577]  NoRel[0.0080]  Temporal[0.0114]  Contingency[0.4868]  Contingency
Comparison[0.1661]  EntRel[0.3241]  Expansion[0.3045]  NoRel[0.0203]  Temporal[0.0980]  Contingency[0.0871]  EntRel
Comparison[0.1018]  EntRel[0.2934]  Expansion[0.3699]  NoRel[0.0292]  Temporal[0.1102]  Contingency[0.0955]  Expansion
Comparison[0.0705]  EntRel[0.2548]  Expansion[0.5431]  NoRel[0.0009]  Temporal[0.0319]  Contingency[0.0988]  Expansion
Comparison[0.1010]  EntRel[0.1359]  Expansion[0.4597]  NoRel[0.0033]  Temporal[0.0357]  Contingency[0.2643]  Expansion
Comparison[0.0392]  EntRel[0.2543]  Expansion[0.6028]  NoRel[0.0037]  Temporal[0.0274]  Contingency[0.0726]  Expansion
Comparison[0.1460]  EntRel[0.3378]  Expansion[0.3519]  NoRel[0.0485]  Temporal[0.0267]  Contingency[0.0891]  Expansion
Comparison[0.0476]  EntRel[0.1554]  Expansion[0.7416]  NoRel[0.0098]  Temporal[0.0049]  Contingency[0.0407]  Expansion
Comparison[0.0605]  EntRel[0.6164]  Expansion[0.2701]  NoRel[0.0436]  Temporal[0.0037]  Contingency[0.0058]  EntRel
Comparison[0.0208]  EntRel[0.7657]  Expansion[0.1819]  NoRel[0.0130]  Temporal[0.0121]  Contingency[0.0065]  EntRel
Comparison[0.1014]  EntRel[0.5822]  Expansion[0.2998]  NoRel[0.0020]  Temporal[0.0082]  Contingency[0.0064]  EntRel
Comparison[0.0768]  EntRel[0.5397]  Expansion[0.3218]  NoRel[0.0066]  Temporal[0.0153]  Contingency[0.0399]  EntRel
Comparison[0.0620]  EntRel[0.2619]  Expansion[0.5041]  NoRel[0.0196]  Temporal[0.0221]  Contingency[0.1302]  Expansion
Comparison[0.1252]  EntRel[0.4461]  Expansion[0.2722]  NoRel[0.0395]  Temporal[0.0537]  Contingency[0.0632]  EntRel
Comparison[0.0674]  EntRel[0.1901]  Expansion[0.4186]  NoRel[0.0088]  Temporal[0.0696]  Contingency[0.2455]  Expansion
Comparison[0.0691]  EntRel[0.4744]  Expansion[0.3971]  NoRel[0.0174]  Temporal[0.0301]  Contingency[0.0118]  EntRel
Comparison[0.0431]  EntRel[0.6427]  Expansion[0.2815]  NoRel[0.0145]  Temporal[0.0160]  Contingency[0.0023]  EntRel
Comparison[0.0101]  EntRel[0.6823]  Expansion[0.2927]  NoRel[0.0083]  Temporal[0.0057]  Contingency[0.0009]  EntRel
Comparison[0.0479]  EntRel[0.5781]  Expansion[0.3275]  NoRel[0.0088]  Temporal[0.0060]  Contingency[0.0316]  EntRel
Comparison[0.0781]  EntRel[0.2740]  Expansion[0.5790]  NoRel[0.0166]  Temporal[0.0203]  Contingency[0.0319]  Expansion
Comparison[0.0621]  EntRel[0.1849]  Expansion[0.6354]  NoRel[0.0038]  Temporal[0.0013]  Contingency[0.1126]  Expansion
Comparison[0.0524]  EntRel[0.4451]  Expansion[0.3923]  NoRel[0.0026]  Temporal[0.0251]  Contingency[0.0825]  EntRel
Comparison[0.0711]  EntRel[0.7279]  Expansion[0.1514]  NoRel[0.0225]  Temporal[0.0131]  Contingency[0.0140]  EntRel
Comparison[0.1416]  EntRel[0.2800]  Expansion[0.5101]  NoRel[0.0041]  Temporal[0.0040]  Contingency[0.0601]  Expansion
Comparison[0.1543]  EntRel[0.2790]  Expansion[0.3086]  NoRel[0.0202]  Temporal[0.0740]  Contingency[0.1639]  Expansion
Comparison[0.0700]  EntRel[0.1600]  Expansion[0.4671]  NoRel[0.0436]  Temporal[0.0790]  Contingency[0.1804]  Expansion
Comparison[0.1122]  EntRel[0.2448]  Expansion[0.4160]  NoRel[0.0100]  Temporal[0.0116]  Contingency[0.2055]  Expansion
Comparison[0.1689]  EntRel[0.2146]  Expansion[0.3394]  NoRel[0.0137]  Temporal[0.0157]  Contingency[0.2476]  Expansion
Comparison[0.0578]  EntRel[0.3604]  Expansion[0.4110]  NoRel[0.0321]  Temporal[0.0104]  Contingency[0.1283]  Expansion
Comparison[0.0439]  EntRel[0.5130]  Expansion[0.3898]  NoRel[0.0310]  Temporal[0.0020]  Contingency[0.0203]  EntRel
Comparison[0.0395]  EntRel[0.5741]  Expansion[0.2605]  NoRel[0.0845]  Temporal[0.0132]  Contingency[0.0283]  EntRel
Comparison[0.0823]  EntRel[0.3054]  Expansion[0.4910]  NoRel[0.0037]  Temporal[0.0071]  Contingency[0.1106]  Expansion
Comparison[0.0269]  EntRel[0.5841]  Expansion[0.3019]  NoRel[0.0012]  Temporal[0.0041]  Contingency[0.0817]  EntRel
Comparison[0.0901]  EntRel[0.5020]  Expansion[0.2663]  NoRel[0.0391]  Temporal[0.0244]  Contingency[0.0781]  EntRel
Comparison[0.1142]  EntRel[0.1651]  Expansion[0.4063]  NoRel[0.0068]  Temporal[0.1037]  Contingency[0.2040]  Expansion
Comparison[0.0908]  EntRel[0.3726]  Expansion[0.3413]  NoRel[0.0129]  Temporal[0.0315]  Contingency[0.1510]  EntRel
Comparison[0.2459]  EntRel[0.3093]  Expansion[0.2295]  NoRel[0.0606]  Temporal[0.0390]  Contingency[0.1157]  EntRel
Comparison[0.1086]  EntRel[0.2073]  Expansion[0.2720]  NoRel[0.0316]  Temporal[0.2285]  Contingency[0.1519]  Expansion
Comparison[0.1233]  EntRel[0.2265]  Expansion[0.4237]  NoRel[0.0269]  Temporal[0.0536]  Contingency[0.1461]  Expansion
Comparison[0.1410]  EntRel[0.2495]  Expansion[0.3414]  NoRel[0.0056]  Temporal[0.0694]  Contingency[0.1931]  Expansion
Comparison[0.1220]  EntRel[0.0899]  Expansion[0.4776]  NoRel[0.0294]  Temporal[0.0693]  Contingency[0.2119]  Expansion
Comparison[0.1606]  EntRel[0.2231]  Expansion[0.3807]  NoRel[0.0164]  Temporal[0.0398]  Contingency[0.1794]  Expansion
Comparison[0.0876]  EntRel[0.1568]  Expansion[0.5366]  NoRel[0.0286]  Temporal[0.0701]  Contingency[0.1203]  Expansion
Comparison[0.2740]  EntRel[0.2885]  Expansion[0.2690]  NoRel[0.0336]  Temporal[0.0259]  Contingency[0.1089]  EntRel
