Comparison[0.0884]  EntRel[0.2370]  Expansion[0.5382]  NoRel[0.0049]  Temporal[0.0130]  Contingency[0.1185]  Expansion
Comparison[0.0991]  EntRel[0.3332]  Expansion[0.3680]  NoRel[0.0963]  Temporal[0.0251]  Contingency[0.0784]  Expansion
Comparison[0.1262]  EntRel[0.3501]  Expansion[0.2589]  NoRel[0.0234]  Temporal[0.0566]  Contingency[0.1848]  EntRel
Comparison[0.1497]  EntRel[0.1900]  Expansion[0.4750]  NoRel[0.0113]  Temporal[0.0687]  Contingency[0.1053]  Expansion
Comparison[0.0463]  EntRel[0.5504]  Expansion[0.3681]  NoRel[0.0032]  Temporal[0.0228]  Contingency[0.0092]  EntRel
Comparison[0.0516]  EntRel[0.5653]  Expansion[0.2843]  NoRel[0.0482]  Temporal[0.0231]  Contingency[0.0274]  EntRel
Comparison[0.0645]  EntRel[0.3511]  Expansion[0.4683]  NoRel[0.0051]  Temporal[0.0074]  Contingency[0.1035]  Expansion
Comparison[0.0141]  EntRel[0.6355]  Expansion[0.3099]  NoRel[0.0131]  Temporal[0.0064]  Contingency[0.0210]  EntRel
Comparison[0.0194]  EntRel[0.8173]  Expansion[0.0420]  NoRel[0.0995]  Temporal[0.0100]  Contingency[0.0117]  EntRel
Comparison[0.1485]  EntRel[0.2902]  Expansion[0.2686]  NoRel[0.0245]  Temporal[0.0237]  Contingency[0.2445]  EntRel
Comparison[0.0952]  EntRel[0.4044]  Expansion[0.4414]  NoRel[0.0177]  Temporal[0.0082]  Contingency[0.0331]  Expansion
Comparison[0.0810]  EntRel[0.4558]  Expansion[0.3812]  NoRel[0.0222]  Temporal[0.0064]  Contingency[0.0534]  EntRel
Comparison[0.0810]  EntRel[0.2164]  Expansion[0.3544]  NoRel[0.0162]  Temporal[0.0696]  Contingency[0.2625]  Expansion
Comparison[0.1636]  EntRel[0.4625]  Expansion[0.3229]  NoRel[0.0270]  Temporal[0.0152]  Contingency[0.0088]  EntRel
Comparison[0.0341]  EntRel[0.2205]  Expansion[0.5790]  NoRel[0.0061]  Temporal[0.0376]  Contingency[0.1226]  Expansion
Comparison[0.1090]  EntRel[0.4660]  Expansion[0.2658]  NoRel[0.0248]  Temporal[0.0450]  Contingency[0.0894]  EntRel
Comparison[0.1008]  EntRel[0.3791]  Expansion[0.3705]  NoRel[0.0106]  Temporal[0.0725]  Contingency[0.0666]  EntRel
Comparison[0.0667]  EntRel[0.0495]  Expansion[0.4077]  NoRel[0.0008]  Temporal[0.0090]  Contingency[0.4664]  Contingency
Comparison[0.0993]  EntRel[0.2494]  Expansion[0.3772]  NoRel[0.0065]  Temporal[0.0649]  Contingency[0.2027]  Expansion
Comparison[0.1426]  EntRel[0.1990]  Expansion[0.2063]  NoRel[0.0928]  Temporal[0.1383]  Contingency[0.2210]  Contingency
Comparison[0.0873]  EntRel[0.3980]  Expansion[0.3990]  NoRel[0.0199]  Temporal[0.0475]  Contingency[0.0483]  Expansion
Comparison[0.1224]  EntRel[0.3887]  Expansion[0.3772]  NoRel[0.0150]  Temporal[0.0065]  Contingency[0.0902]  EntRel
Comparison[0.1751]  EntRel[0.3487]  Expansion[0.3299]  NoRel[0.0248]  Temporal[0.0491]  Contingency[0.0725]  EntRel
Comparison[0.0634]  EntRel[0.5590]  Expansion[0.2619]  NoRel[0.0099]  Temporal[0.0163]  Contingency[0.0895]  EntRel
Comparison[0.1717]  EntRel[0.2803]  Expansion[0.3191]  NoRel[0.0177]  Temporal[0.0586]  Contingency[0.1525]  Expansion
Comparison[0.1844]  EntRel[0.2137]  Expansion[0.2454]  NoRel[0.0385]  Temporal[0.0487]  Contingency[0.2693]  Contingency
Comparison[0.1199]  EntRel[0.1357]  Expansion[0.3120]  NoRel[0.0625]  Temporal[0.0504]  Contingency[0.3195]  Contingency
Comparison[0.0826]  EntRel[0.4040]  Expansion[0.4148]  NoRel[0.0089]  Temporal[0.0781]  Contingency[0.0115]  Expansion
Comparison[0.0155]  EntRel[0.8941]  Expansion[0.0365]  NoRel[0.0434]  Temporal[0.0086]  Contingency[0.0018]  EntRel
Comparison[0.1200]  EntRel[0.1927]  Expansion[0.2729]  NoRel[0.0380]  Temporal[0.0619]  Contingency[0.3145]  Contingency
