Comparison[0.0677]  EntRel[0.1702]  Expansion[0.6319]  NoRel[0.0017]  Temporal[0.0099]  Contingency[0.1186]  Expansion
Comparison[0.1283]  EntRel[0.4201]  Expansion[0.2342]  NoRel[0.0693]  Temporal[0.0629]  Contingency[0.0851]  EntRel
Comparison[0.0714]  EntRel[0.2551]  Expansion[0.4405]  NoRel[0.0238]  Temporal[0.0286]  Contingency[0.1806]  Expansion
Comparison[0.2035]  EntRel[0.3370]  Expansion[0.3544]  NoRel[0.0385]  Temporal[0.0067]  Contingency[0.0599]  Expansion
Comparison[0.0874]  EntRel[0.3333]  Expansion[0.5282]  NoRel[0.0173]  Temporal[0.0130]  Contingency[0.0208]  Expansion
Comparison[0.0401]  EntRel[0.8759]  Expansion[0.0577]  NoRel[0.0089]  Temporal[0.0071]  Contingency[0.0103]  EntRel
Comparison[0.1363]  EntRel[0.3972]  Expansion[0.2776]  NoRel[0.0252]  Temporal[0.0306]  Contingency[0.1330]  EntRel
Comparison[0.1054]  EntRel[0.1089]  Expansion[0.3320]  NoRel[0.0122]  Temporal[0.0189]  Contingency[0.4227]  Contingency
Comparison[0.0803]  EntRel[0.2616]  Expansion[0.3812]  NoRel[0.0068]  Temporal[0.0445]  Contingency[0.2257]  Expansion
Comparison[0.1213]  EntRel[0.1663]  Expansion[0.3430]  NoRel[0.0080]  Temporal[0.0922]  Contingency[0.2692]  Expansion
Comparison[0.2265]  EntRel[0.0989]  Expansion[0.4319]  NoRel[0.0075]  Temporal[0.0238]  Contingency[0.2113]  Expansion
Comparison[0.0608]  EntRel[0.2024]  Expansion[0.7017]  NoRel[0.0022]  Temporal[0.0045]  Contingency[0.0284]  Expansion
Comparison[0.0414]  EntRel[0.6231]  Expansion[0.2855]  NoRel[0.0041]  Temporal[0.0248]  Contingency[0.0211]  EntRel
Comparison[0.1915]  EntRel[0.2686]  Expansion[0.2512]  NoRel[0.0030]  Temporal[0.0701]  Contingency[0.2156]  EntRel
Comparison[0.1332]  EntRel[0.4311]  Expansion[0.3220]  NoRel[0.0142]  Temporal[0.0241]  Contingency[0.0755]  EntRel
Comparison[0.0459]  EntRel[0.6993]  Expansion[0.1938]  NoRel[0.0198]  Temporal[0.0122]  Contingency[0.0292]  EntRel
Comparison[0.0419]  EntRel[0.4390]  Expansion[0.3627]  NoRel[0.0576]  Temporal[0.0152]  Contingency[0.0836]  EntRel
Comparison[0.1713]  EntRel[0.1908]  Expansion[0.3154]  NoRel[0.0078]  Temporal[0.0134]  Contingency[0.3013]  Expansion
Comparison[0.0741]  EntRel[0.0798]  Expansion[0.3075]  NoRel[0.0010]  Temporal[0.0061]  Contingency[0.5316]  Contingency
Comparison[0.1239]  EntRel[0.0650]  Expansion[0.4261]  NoRel[0.0052]  Temporal[0.0229]  Contingency[0.3570]  Expansion
Comparison[0.0293]  EntRel[0.2307]  Expansion[0.6527]  NoRel[0.0130]  Temporal[0.0234]  Contingency[0.0510]  Expansion
Comparison[0.1602]  EntRel[0.2898]  Expansion[0.3556]  NoRel[0.0210]  Temporal[0.0314]  Contingency[0.1420]  Expansion
