Expansion[0.0041]  Contingency[0.0227]  Comparison[0.8552]  Temporal[0.1181]  Comparison
Expansion[0.8967]  Contingency[0.0054]  Comparison[0.0404]  Temporal[0.0576]  Expansion
Expansion[0.9575]  Contingency[0.0097]  Comparison[0.0151]  Temporal[0.0177]  Expansion
Expansion[0.9709]  Contingency[0.0216]  Comparison[0.0039]  Temporal[0.0036]  Expansion
Expansion[0.0258]  Contingency[0.0012]  Comparison[0.9718]  Temporal[0.0012]  Comparison
Expansion[0.0026]  Contingency[0.0213]  Comparison[0.0077]  Temporal[0.9683]  Temporal
Expansion[0.9904]  Contingency[0.0023]  Comparison[0.0072]  Temporal[0.0001]  Expansion
Expansion[0.9069]  Contingency[0.0765]  Comparison[0.0079]  Temporal[0.0087]  Expansion
Expansion[0.0103]  Contingency[0.0312]  Comparison[0.0305]  Temporal[0.9279]  Temporal
Expansion[0.9904]  Contingency[0.0023]  Comparison[0.0072]  Temporal[0.0001]  Expansion
Expansion[0.9069]  Contingency[0.0765]  Comparison[0.0079]  Temporal[0.0087]  Expansion
Expansion[0.4190]  Contingency[0.0136]  Comparison[0.1005]  Temporal[0.4668]  Temporal
Expansion[0.0321]  Contingency[0.0006]  Comparison[0.9655]  Temporal[0.0017]  Comparison
Expansion[0.0003]  Contingency[0.1450]  Comparison[0.0010]  Temporal[0.8537]  Temporal
Expansion[0.9910]  Contingency[0.0008]  Comparison[0.0066]  Temporal[0.0017]  Expansion
Expansion[0.0103]  Contingency[0.0312]  Comparison[0.0305]  Temporal[0.9279]  Temporal
