Expansion[0.9069]  Contingency[0.0765]  Comparison[0.0079]  Temporal[0.0087]  Expansion
Expansion[0.9904]  Contingency[0.0023]  Comparison[0.0072]  Temporal[0.0001]  Expansion
Expansion[0.0041]  Contingency[0.0576]  Comparison[0.0466]  Temporal[0.8917]  Temporal
Expansion[0.0124]  Contingency[0.0031]  Comparison[0.9766]  Temporal[0.0079]  Comparison
Expansion[0.9904]  Contingency[0.0023]  Comparison[0.0072]  Temporal[0.0001]  Expansion
Expansion[0.0028]  Contingency[0.9770]  Comparison[0.0083]  Temporal[0.0119]  Contingency
Expansion[0.0000]  Contingency[0.0228]  Comparison[0.0002]  Temporal[0.9770]  Temporal
Expansion[0.0321]  Contingency[0.0006]  Comparison[0.9655]  Temporal[0.0017]  Comparison
Expansion[0.0060]  Contingency[0.9507]  Comparison[0.0178]  Temporal[0.0254]  Contingency
Expansion[0.1760]  Contingency[0.0167]  Comparison[0.6248]  Temporal[0.1826]  Comparison
Expansion[0.1760]  Contingency[0.0167]  Comparison[0.6248]  Temporal[0.1826]  Comparison
Expansion[0.0067]  Contingency[0.0149]  Comparison[0.9683]  Temporal[0.0100]  Comparison
Expansion[0.0013]  Contingency[0.9893]  Comparison[0.0039]  Temporal[0.0055]  Contingency
