Expansion[0.9895]  Contingency[0.0078]  Comparison[0.0014]  Temporal[0.0013]  Expansion
Expansion[0.0002]  Contingency[0.2589]  Comparison[0.0009]  Temporal[0.7399]  Temporal
Expansion[0.0083]  Contingency[0.4322]  Comparison[0.0130]  Temporal[0.5466]  Temporal
Expansion[0.9670]  Contingency[0.0081]  Comparison[0.0248]  Temporal[0.0002]  Expansion
Expansion[0.9723]  Contingency[0.0167]  Comparison[0.0018]  Temporal[0.0092]  Expansion
Expansion[0.0369]  Contingency[0.0033]  Comparison[0.0004]  Temporal[0.9595]  Temporal
Expansion[0.0099]  Contingency[0.0126]  Comparison[0.9454]  Temporal[0.0321]  Comparison
Expansion[0.0038]  Contingency[0.9555]  Comparison[0.0153]  Temporal[0.0254]  Contingency
Expansion[0.9508]  Contingency[0.0020]  Comparison[0.0430]  Temporal[0.0042]  Expansion
Expansion[0.9904]  Contingency[0.0023]  Comparison[0.0072]  Temporal[0.0001]  Expansion
Expansion[0.0028]  Contingency[0.9770]  Comparison[0.0083]  Temporal[0.0119]  Contingency
Expansion[0.9069]  Contingency[0.0765]  Comparison[0.0079]  Temporal[0.0087]  Expansion
Expansion[0.0010]  Contingency[0.9877]  Comparison[0.0042]  Temporal[0.0070]  Contingency
Expansion[0.9904]  Contingency[0.0023]  Comparison[0.0072]  Temporal[0.0001]  Expansion
