Expansion[0.0005]  Contingency[0.9956]  Comparison[0.0016]  Temporal[0.0023]  Contingency
Expansion[0.0321]  Contingency[0.0006]  Comparison[0.9655]  Temporal[0.0017]  Comparison
Expansion[0.0407]  Contingency[0.0536]  Comparison[0.4258]  Temporal[0.4798]  Temporal
Expansion[0.9723]  Contingency[0.0167]  Comparison[0.0018]  Temporal[0.0092]  Expansion
Expansion[0.0711]  Contingency[0.0146]  Comparison[0.0013]  Temporal[0.9129]  Temporal
Expansion[0.0321]  Contingency[0.0006]  Comparison[0.9655]  Temporal[0.0017]  Comparison
Expansion[0.0002]  Contingency[0.4399]  Comparison[0.0007]  Temporal[0.5593]  Temporal
Expansion[0.9667]  Contingency[0.0075]  Comparison[0.0066]  Temporal[0.0192]  Expansion
Expansion[0.0002]  Contingency[0.9911]  Comparison[0.0052]  Temporal[0.0035]  Contingency
Expansion[0.0002]  Contingency[0.3073]  Comparison[0.0373]  Temporal[0.6552]  Temporal
Expansion[0.9898]  Contingency[0.0009]  Comparison[0.0074]  Temporal[0.0019]  Expansion
Expansion[0.0407]  Contingency[0.0536]  Comparison[0.4258]  Temporal[0.4798]  Temporal
Expansion[0.9723]  Contingency[0.0167]  Comparison[0.0018]  Temporal[0.0092]  Expansion
Expansion[0.0041]  Contingency[0.0227]  Comparison[0.8552]  Temporal[0.1181]  Comparison
Expansion[0.9904]  Contingency[0.0023]  Comparison[0.0072]  Temporal[0.0001]  Expansion
Expansion[0.0013]  Contingency[0.9893]  Comparison[0.0039]  Temporal[0.0055]  Contingency
Expansion[0.0124]  Contingency[0.0031]  Comparison[0.9766]  Temporal[0.0079]  Comparison
Expansion[0.0321]  Contingency[0.0006]  Comparison[0.9655]  Temporal[0.0017]  Comparison
Expansion[0.9670]  Contingency[0.0081]  Comparison[0.0248]  Temporal[0.0002]  Expansion
Expansion[0.0010]  Contingency[0.9877]  Comparison[0.0042]  Temporal[0.0070]  Contingency
Expansion[0.0013]  Contingency[0.9893]  Comparison[0.0039]  Temporal[0.0055]  Contingency
