Expansion[0.0000]  Contingency[0.0228]  Comparison[0.0002]  Temporal[0.9770]  Temporal
Expansion[0.9723]  Contingency[0.0167]  Comparison[0.0018]  Temporal[0.0092]  Expansion
Expansion[0.0001]  Contingency[0.2273]  Comparison[0.0110]  Temporal[0.7617]  Temporal
Expansion[0.0258]  Contingency[0.0012]  Comparison[0.9718]  Temporal[0.0012]  Comparison
Expansion[0.0321]  Contingency[0.0006]  Comparison[0.9655]  Temporal[0.0017]  Comparison
Expansion[0.0010]  Contingency[0.9877]  Comparison[0.0042]  Temporal[0.0070]  Contingency
Expansion[0.9709]  Contingency[0.0216]  Comparison[0.0039]  Temporal[0.0036]  Expansion
Expansion[0.2987]  Contingency[0.0090]  Comparison[0.2205]  Temporal[0.4719]  Temporal
Expansion[0.0258]  Contingency[0.0012]  Comparison[0.9718]  Temporal[0.0012]  Comparison
Expansion[0.4190]  Contingency[0.0136]  Comparison[0.1005]  Temporal[0.4668]  Temporal
Expansion[0.0596]  Contingency[0.0080]  Comparison[0.9244]  Temporal[0.0080]  Comparison
Expansion[0.0013]  Contingency[0.9893]  Comparison[0.0039]  Temporal[0.0055]  Contingency
Expansion[0.0582]  Contingency[0.2937]  Comparison[0.0567]  Temporal[0.5914]  Temporal
Expansion[0.0321]  Contingency[0.0006]  Comparison[0.9655]  Temporal[0.0017]  Comparison
Expansion[0.9904]  Contingency[0.0023]  Comparison[0.0072]  Temporal[0.0001]  Expansion
Expansion[0.0083]  Contingency[0.4322]  Comparison[0.0130]  Temporal[0.5466]  Temporal
Expansion[0.0321]  Contingency[0.0006]  Comparison[0.9655]  Temporal[0.0017]  Comparison
Expansion[0.0088]  Contingency[0.0116]  Comparison[0.8901]  Temporal[0.0895]  Comparison
Expansion[0.0321]  Contingency[0.0006]  Comparison[0.9655]  Temporal[0.0017]  Comparison
Expansion[0.0321]  Contingency[0.0006]  Comparison[0.9655]  Temporal[0.0017]  Comparison
Expansion[0.0321]  Contingency[0.0006]  Comparison[0.9655]  Temporal[0.0017]  Comparison
