Expansion[0.9820]  Contingency[0.0043]  Comparison[0.0133]  Temporal[0.0004]  Expansion
Expansion[0.9069]  Contingency[0.0765]  Comparison[0.0079]  Temporal[0.0087]  Expansion
Expansion[0.9849]  Contingency[0.0023]  Comparison[0.0070]  Temporal[0.0058]  Expansion
Expansion[0.0167]  Contingency[0.0018]  Comparison[0.9769]  Temporal[0.0046]  Comparison
Expansion[0.0596]  Contingency[0.0080]  Comparison[0.9244]  Temporal[0.0080]  Comparison
Expansion[0.0180]  Contingency[0.9711]  Comparison[0.0059]  Temporal[0.0049]  Contingency
Expansion[0.0002]  Contingency[0.2168]  Comparison[0.0213]  Temporal[0.7617]  Temporal
Expansion[0.9723]  Contingency[0.0167]  Comparison[0.0018]  Temporal[0.0092]  Expansion
Expansion[0.9069]  Contingency[0.0765]  Comparison[0.0079]  Temporal[0.0087]  Expansion
Expansion[0.0001]  Contingency[0.2273]  Comparison[0.0110]  Temporal[0.7617]  Temporal
Expansion[0.2500]  Contingency[0.2500]  Comparison[0.2500]  Temporal[0.2500]  Expansion
Expansion[0.9904]  Contingency[0.0023]  Comparison[0.0072]  Temporal[0.0001]  Expansion
Expansion[0.0258]  Contingency[0.0012]  Comparison[0.9718]  Temporal[0.0012]  Comparison
Expansion[0.0008]  Contingency[0.0054]  Comparison[0.9799]  Temporal[0.0138]  Comparison
Expansion[0.9904]  Contingency[0.0023]  Comparison[0.0072]  Temporal[0.0001]  Expansion
Expansion[0.0321]  Contingency[0.0006]  Comparison[0.9655]  Temporal[0.0017]  Comparison
Expansion[0.0321]  Contingency[0.0006]  Comparison[0.9655]  Temporal[0.0017]  Comparison
