Comparison[0.0349]  EntRel[0.2221]  Expansion[0.6370]  NoRel[0.0030]  Temporal[0.0040]  Contingency[0.0990]  Expansion
Comparison[0.0789]  EntRel[0.2755]  Expansion[0.3210]  NoRel[0.0050]  Temporal[0.0127]  Contingency[0.3068]  Expansion
Comparison[0.1017]  EntRel[0.2208]  Expansion[0.6238]  NoRel[0.0018]  Temporal[0.0155]  Contingency[0.0364]  Expansion
Comparison[0.0533]  EntRel[0.5814]  Expansion[0.2243]  NoRel[0.0875]  Temporal[0.0385]  Contingency[0.0150]  EntRel
Comparison[0.1334]  EntRel[0.2517]  Expansion[0.2659]  NoRel[0.0091]  Temporal[0.1214]  Contingency[0.2185]  Expansion
Comparison[0.0917]  EntRel[0.3702]  Expansion[0.3134]  NoRel[0.1112]  Temporal[0.0478]  Contingency[0.0657]  EntRel
Comparison[0.1374]  EntRel[0.1639]  Expansion[0.3745]  NoRel[0.0163]  Temporal[0.0619]  Contingency[0.2460]  Expansion
Comparison[0.1183]  EntRel[0.1009]  Expansion[0.4396]  NoRel[0.0126]  Temporal[0.0671]  Contingency[0.2615]  Expansion
Comparison[0.1785]  EntRel[0.1197]  Expansion[0.2667]  NoRel[0.0082]  Temporal[0.0623]  Contingency[0.3645]  Contingency
Comparison[0.0872]  EntRel[0.1742]  Expansion[0.2628]  NoRel[0.0890]  Temporal[0.0939]  Contingency[0.2928]  Contingency
Comparison[0.1063]  EntRel[0.2220]  Expansion[0.4602]  NoRel[0.0053]  Temporal[0.0469]  Contingency[0.1593]  Expansion
Comparison[0.1094]  EntRel[0.1295]  Expansion[0.6061]  NoRel[0.0168]  Temporal[0.0282]  Contingency[0.1101]  Expansion
Comparison[0.3330]  EntRel[0.2763]  Expansion[0.1457]  NoRel[0.0772]  Temporal[0.0729]  Contingency[0.0950]  Comparison
Comparison[0.1745]  EntRel[0.2586]  Expansion[0.2609]  NoRel[0.0206]  Temporal[0.0910]  Contingency[0.1944]  Expansion
Comparison[0.1160]  EntRel[0.1909]  Expansion[0.3647]  NoRel[0.0019]  Temporal[0.0831]  Contingency[0.2434]  Expansion
Comparison[0.0971]  EntRel[0.5378]  Expansion[0.2683]  NoRel[0.0254]  Temporal[0.0225]  Contingency[0.0489]  EntRel
Comparison[0.0581]  EntRel[0.2977]  Expansion[0.5334]  NoRel[0.0030]  Temporal[0.0162]  Contingency[0.0916]  Expansion
Comparison[0.0749]  EntRel[0.1702]  Expansion[0.4476]  NoRel[0.0040]  Temporal[0.0429]  Contingency[0.2604]  Expansion
Comparison[0.1170]  EntRel[0.0928]  Expansion[0.4354]  NoRel[0.0163]  Temporal[0.0339]  Contingency[0.3046]  Expansion
Comparison[0.1486]  EntRel[0.2602]  Expansion[0.3925]  NoRel[0.0193]  Temporal[0.0492]  Contingency[0.1300]  Expansion
Comparison[0.0954]  EntRel[0.2764]  Expansion[0.2444]  NoRel[0.2379]  Temporal[0.0383]  Contingency[0.1076]  EntRel
Comparison[0.1040]  EntRel[0.5234]  Expansion[0.2344]  NoRel[0.0803]  Temporal[0.0197]  Contingency[0.0382]  EntRel
Comparison[0.1282]  EntRel[0.4597]  Expansion[0.2009]  NoRel[0.0845]  Temporal[0.0725]  Contingency[0.0542]  EntRel
Comparison[0.1082]  EntRel[0.3800]  Expansion[0.3393]  NoRel[0.0130]  Temporal[0.0106]  Contingency[0.1489]  EntRel
Comparison[0.0943]  EntRel[0.2835]  Expansion[0.3196]  NoRel[0.0203]  Temporal[0.0629]  Contingency[0.2194]  Expansion
Comparison[0.1295]  EntRel[0.2322]  Expansion[0.2909]  NoRel[0.0842]  Temporal[0.1063]  Contingency[0.1569]  Expansion
Comparison[0.0803]  EntRel[0.1732]  Expansion[0.4909]  NoRel[0.0127]  Temporal[0.1009]  Contingency[0.1419]  Expansion
Comparison[0.0593]  EntRel[0.2004]  Expansion[0.4409]  NoRel[0.0020]  Temporal[0.0306]  Contingency[0.2667]  Expansion
Comparison[0.2322]  EntRel[0.1738]  Expansion[0.3068]  NoRel[0.0237]  Temporal[0.0609]  Contingency[0.2026]  Expansion
Comparison[0.1372]  EntRel[0.3167]  Expansion[0.2736]  NoRel[0.0378]  Temporal[0.1199]  Contingency[0.1147]  EntRel
Comparison[0.0353]  EntRel[0.6025]  Expansion[0.2870]  NoRel[0.0119]  Temporal[0.0276]  Contingency[0.0356]  EntRel
Comparison[0.0782]  EntRel[0.4403]  Expansion[0.4224]  NoRel[0.0036]  Temporal[0.0336]  Contingency[0.0218]  EntRel
Comparison[0.1964]  EntRel[0.3928]  Expansion[0.2013]  NoRel[0.0023]  Temporal[0.0137]  Contingency[0.1936]  EntRel
Comparison[0.1054]  EntRel[0.1194]  Expansion[0.4403]  NoRel[0.0120]  Temporal[0.1597]  Contingency[0.1631]  Expansion
Comparison[0.0707]  EntRel[0.1155]  Expansion[0.5331]  NoRel[0.0176]  Temporal[0.0243]  Contingency[0.2387]  Expansion
Comparison[0.1520]  EntRel[0.1522]  Expansion[0.2680]  NoRel[0.0032]  Temporal[0.0608]  Contingency[0.3638]  Contingency
Comparison[0.0996]  EntRel[0.1393]  Expansion[0.3494]  NoRel[0.0235]  Temporal[0.0728]  Contingency[0.3155]  Expansion
Comparison[0.1663]  EntRel[0.2939]  Expansion[0.2601]  NoRel[0.0030]  Temporal[0.0287]  Contingency[0.2479]  EntRel
Comparison[0.1041]  EntRel[0.2150]  Expansion[0.3856]  NoRel[0.0509]  Temporal[0.0884]  Contingency[0.1559]  Expansion
Comparison[0.0796]  EntRel[0.3374]  Expansion[0.4208]  NoRel[0.0090]  Temporal[0.0066]  Contingency[0.1465]  Expansion
Comparison[0.0879]  EntRel[0.2402]  Expansion[0.3362]  NoRel[0.0350]  Temporal[0.0273]  Contingency[0.2736]  Expansion
Comparison[0.0911]  EntRel[0.1740]  Expansion[0.4579]  NoRel[0.0038]  Temporal[0.0057]  Contingency[0.2675]  Expansion
Comparison[0.1026]  EntRel[0.3952]  Expansion[0.2715]  NoRel[0.0113]  Temporal[0.0949]  Contingency[0.1247]  EntRel
Comparison[0.0195]  EntRel[0.8053]  Expansion[0.0939]  NoRel[0.0036]  Temporal[0.0528]  Contingency[0.0250]  EntRel
Comparison[0.2189]  EntRel[0.3337]  Expansion[0.3013]  NoRel[0.0122]  Temporal[0.0432]  Contingency[0.0908]  EntRel
Comparison[0.1508]  EntRel[0.1667]  Expansion[0.3140]  NoRel[0.0310]  Temporal[0.0464]  Contingency[0.2911]  Expansion
Comparison[0.1148]  EntRel[0.2204]  Expansion[0.4051]  NoRel[0.0108]  Temporal[0.0588]  Contingency[0.1901]  Expansion
Comparison[0.0793]  EntRel[0.1183]  Expansion[0.4741]  NoRel[0.0085]  Temporal[0.0406]  Contingency[0.2792]  Expansion
Comparison[0.0576]  EntRel[0.1652]  Expansion[0.3914]  NoRel[0.0058]  Temporal[0.2458]  Contingency[0.1343]  Expansion
Comparison[0.0902]  EntRel[0.3990]  Expansion[0.3414]  NoRel[0.0031]  Temporal[0.0250]  Contingency[0.1413]  EntRel
Comparison[0.1123]  EntRel[0.3976]  Expansion[0.3222]  NoRel[0.0350]  Temporal[0.0550]  Contingency[0.0779]  EntRel
Comparison[0.2841]  EntRel[0.1290]  Expansion[0.3472]  NoRel[0.0077]  Temporal[0.0323]  Contingency[0.1996]  Expansion
Comparison[0.1585]  EntRel[0.0798]  Expansion[0.4659]  NoRel[0.0023]  Temporal[0.0850]  Contingency[0.2085]  Expansion
Comparison[0.0614]  EntRel[0.3089]  Expansion[0.5394]  NoRel[0.0145]  Temporal[0.0500]  Contingency[0.0259]  Expansion
Comparison[0.0410]  EntRel[0.7589]  Expansion[0.1693]  NoRel[0.0151]  Temporal[0.0140]  Contingency[0.0016]  EntRel
Comparison[0.1712]  EntRel[0.4092]  Expansion[0.2957]  NoRel[0.0316]  Temporal[0.0513]  Contingency[0.0410]  EntRel
Comparison[0.0531]  EntRel[0.5533]  Expansion[0.2479]  NoRel[0.0415]  Temporal[0.0390]  Contingency[0.0651]  EntRel
Comparison[0.1275]  EntRel[0.1805]  Expansion[0.4280]  NoRel[0.0197]  Temporal[0.0547]  Contingency[0.1896]  Expansion
Comparison[0.1311]  EntRel[0.2088]  Expansion[0.2399]  NoRel[0.1751]  Temporal[0.0756]  Contingency[0.1694]  Expansion
Comparison[0.0827]  EntRel[0.2231]  Expansion[0.3195]  NoRel[0.0375]  Temporal[0.0448]  Contingency[0.2924]  Expansion
Comparison[0.1213]  EntRel[0.1689]  Expansion[0.2804]  NoRel[0.0071]  Temporal[0.0705]  Contingency[0.3518]  Contingency
Comparison[0.1740]  EntRel[0.1597]  Expansion[0.2722]  NoRel[0.0022]  Temporal[0.0949]  Contingency[0.2970]  Contingency
Comparison[0.0839]  EntRel[0.2571]  Expansion[0.3896]  NoRel[0.0438]  Temporal[0.0160]  Contingency[0.2095]  Expansion
Comparison[0.1399]  EntRel[0.2867]  Expansion[0.3614]  NoRel[0.0478]  Temporal[0.0143]  Contingency[0.1499]  Expansion
Comparison[0.0774]  EntRel[0.3291]  Expansion[0.5338]  NoRel[0.0072]  Temporal[0.0058]  Contingency[0.0467]  Expansion
Comparison[0.1231]  EntRel[0.1654]  Expansion[0.2937]  NoRel[0.0145]  Temporal[0.0892]  Contingency[0.3141]  Contingency
Comparison[0.1328]  EntRel[0.2288]  Expansion[0.5050]  NoRel[0.0113]  Temporal[0.0586]  Contingency[0.0635]  Expansion
Comparison[0.0493]  EntRel[0.5921]  Expansion[0.3392]  NoRel[0.0056]  Temporal[0.0106]  Contingency[0.0033]  EntRel
Comparison[0.0822]  EntRel[0.5213]  Expansion[0.2340]  NoRel[0.1109]  Temporal[0.0091]  Contingency[0.0424]  EntRel
