Expansion[0.0011]  Contingency[0.0070]  Comparison[0.9871]  Temporal[0.0047]  Comparison
Expansion[0.0041]  Contingency[0.0227]  Comparison[0.8552]  Temporal[0.1181]  Comparison
Expansion[0.0009]  Contingency[0.4456]  Comparison[0.0027]  Temporal[0.5509]  Temporal
Expansion[0.0025]  Contingency[0.0157]  Comparison[0.9713]  Temporal[0.0105]  Comparison
Expansion[0.0003]  Contingency[0.1450]  Comparison[0.0010]  Temporal[0.8537]  Temporal
Expansion[0.0064]  Contingency[0.0402]  Comparison[0.0189]  Temporal[0.9346]  Temporal
Expansion[0.9904]  Contingency[0.0023]  Comparison[0.0072]  Temporal[0.0001]  Expansion
Expansion[0.0258]  Contingency[0.0012]  Comparison[0.9718]  Temporal[0.0012]  Comparison
Expansion[0.9904]  Contingency[0.0023]  Comparison[0.0072]  Temporal[0.0001]  Expansion
Expansion[0.0010]  Contingency[0.9877]  Comparison[0.0042]  Temporal[0.0070]  Contingency
Expansion[0.0003]  Contingency[0.9583]  Comparison[0.0021]  Temporal[0.0393]  Contingency
Expansion[0.9849]  Contingency[0.0023]  Comparison[0.0070]  Temporal[0.0058]  Expansion
Expansion[0.0321]  Contingency[0.0006]  Comparison[0.9655]  Temporal[0.0017]  Comparison
Expansion[0.0002]  Contingency[0.4399]  Comparison[0.0007]  Temporal[0.5593]  Temporal
Expansion[0.0060]  Contingency[0.9507]  Comparison[0.0178]  Temporal[0.0254]  Contingency
Expansion[0.0025]  Contingency[0.0157]  Comparison[0.9713]  Temporal[0.0105]  Comparison
Expansion[0.0010]  Contingency[0.9877]  Comparison[0.0042]  Temporal[0.0070]  Contingency
