Expansion[0.9904]  Contingency[0.0023]  Comparison[0.0072]  Temporal[0.0001]  Expansion
Expansion[0.0083]  Contingency[0.4322]  Comparison[0.0130]  Temporal[0.5466]  Temporal
Expansion[0.9904]  Contingency[0.0023]  Comparison[0.0072]  Temporal[0.0001]  Expansion
Expansion[0.0258]  Contingency[0.0012]  Comparison[0.9718]  Temporal[0.0012]  Comparison
Expansion[0.9667]  Contingency[0.0075]  Comparison[0.0066]  Temporal[0.0192]  Expansion
Expansion[0.0008]  Contingency[0.0054]  Comparison[0.9799]  Temporal[0.0138]  Comparison
Expansion[0.0044]  Contingency[0.0059]  Comparison[0.0007]  Temporal[0.9890]  Temporal
Expansion[0.0041]  Contingency[0.0576]  Comparison[0.0466]  Temporal[0.8917]  Temporal
Expansion[0.0000]  Contingency[0.9565]  Comparison[0.0023]  Temporal[0.0412]  Contingency
Expansion[0.0099]  Contingency[0.0126]  Comparison[0.9454]  Temporal[0.0321]  Comparison
Expansion[0.0001]  Contingency[0.2455]  Comparison[0.0121]  Temporal[0.7423]  Temporal
Expansion[0.9904]  Contingency[0.0023]  Comparison[0.0072]  Temporal[0.0001]  Expansion
