Comparison[0.1490]  EntRel[0.2089]  Expansion[0.5406]  NoRel[0.0139]  Temporal[0.0386]  Contingency[0.0489]  Expansion
Comparison[0.1210]  EntRel[0.2123]  Expansion[0.3696]  NoRel[0.0160]  Temporal[0.0361]  Contingency[0.2451]  Expansion
Comparison[0.0774]  EntRel[0.3284]  Expansion[0.3642]  NoRel[0.0026]  Temporal[0.0091]  Contingency[0.2183]  Expansion
Comparison[0.1318]  EntRel[0.1718]  Expansion[0.3330]  NoRel[0.0055]  Temporal[0.0184]  Contingency[0.3394]  Contingency
Comparison[0.2110]  EntRel[0.2879]  Expansion[0.2242]  NoRel[0.0235]  Temporal[0.0784]  Contingency[0.1750]  EntRel
Comparison[0.1241]  EntRel[0.3371]  Expansion[0.3567]  NoRel[0.0339]  Temporal[0.0265]  Contingency[0.1217]  Expansion
Comparison[0.0155]  EntRel[0.3151]  Expansion[0.3690]  NoRel[0.2601]  Temporal[0.0039]  Contingency[0.0364]  Expansion
Comparison[0.0963]  EntRel[0.3896]  Expansion[0.2448]  NoRel[0.0291]  Temporal[0.0384]  Contingency[0.2017]  EntRel
Comparison[0.0940]  EntRel[0.2096]  Expansion[0.3512]  NoRel[0.0020]  Temporal[0.0028]  Contingency[0.3404]  Expansion
Comparison[0.0389]  EntRel[0.0634]  Expansion[0.6457]  NoRel[0.0015]  Temporal[0.0073]  Contingency[0.2433]  Expansion
Comparison[0.1360]  EntRel[0.2011]  Expansion[0.4064]  NoRel[0.0059]  Temporal[0.0469]  Contingency[0.2038]  Expansion
Comparison[0.0901]  EntRel[0.2194]  Expansion[0.4149]  NoRel[0.0099]  Temporal[0.0346]  Contingency[0.2311]  Expansion
Comparison[0.0556]  EntRel[0.1423]  Expansion[0.5717]  NoRel[0.0024]  Temporal[0.0013]  Contingency[0.2267]  Expansion
Comparison[0.1462]  EntRel[0.1437]  Expansion[0.4048]  NoRel[0.0068]  Temporal[0.0241]  Contingency[0.2744]  Expansion
Comparison[0.1509]  EntRel[0.1032]  Expansion[0.4347]  NoRel[0.0022]  Temporal[0.0107]  Contingency[0.2983]  Expansion
Comparison[0.1168]  EntRel[0.1395]  Expansion[0.2207]  NoRel[0.0127]  Temporal[0.0186]  Contingency[0.4917]  Contingency
Comparison[0.1981]  EntRel[0.1885]  Expansion[0.3881]  NoRel[0.0062]  Temporal[0.0368]  Contingency[0.1823]  Expansion
Comparison[0.0691]  EntRel[0.2455]  Expansion[0.4370]  NoRel[0.0301]  Temporal[0.0661]  Contingency[0.1522]  Expansion
Comparison[0.1029]  EntRel[0.2394]  Expansion[0.3733]  NoRel[0.0083]  Temporal[0.0474]  Contingency[0.2286]  Expansion
Comparison[0.1278]  EntRel[0.1142]  Expansion[0.3450]  NoRel[0.0069]  Temporal[0.0091]  Contingency[0.3970]  Contingency
Comparison[0.0934]  EntRel[0.1017]  Expansion[0.5174]  NoRel[0.0021]  Temporal[0.0246]  Contingency[0.2607]  Expansion
Comparison[0.1684]  EntRel[0.2851]  Expansion[0.3455]  NoRel[0.0012]  Temporal[0.0313]  Contingency[0.1685]  Expansion
Comparison[0.1306]  EntRel[0.2039]  Expansion[0.3805]  NoRel[0.0007]  Temporal[0.0515]  Contingency[0.2328]  Expansion
Comparison[0.0851]  EntRel[0.3082]  Expansion[0.2914]  NoRel[0.0596]  Temporal[0.0829]  Contingency[0.1727]  EntRel
Comparison[0.1072]  EntRel[0.1832]  Expansion[0.2556]  NoRel[0.0112]  Temporal[0.0267]  Contingency[0.4161]  Contingency
Comparison[0.1140]  EntRel[0.2391]  Expansion[0.4016]  NoRel[0.0036]  Temporal[0.0307]  Contingency[0.2109]  Expansion
