Comparison[0.1745]  EntRel[0.2562]  Expansion[0.2866]  NoRel[0.0231]  Temporal[0.0098]  Contingency[0.2498]  Expansion
Comparison[0.0931]  EntRel[0.3507]  Expansion[0.3737]  NoRel[0.0220]  Temporal[0.0459]  Contingency[0.1145]  Expansion
Comparison[0.1255]  EntRel[0.3261]  Expansion[0.4129]  NoRel[0.0317]  Temporal[0.0274]  Contingency[0.0764]  Expansion
Comparison[0.0905]  EntRel[0.2966]  Expansion[0.3026]  NoRel[0.0109]  Temporal[0.1093]  Contingency[0.1901]  Expansion
Comparison[0.1003]  EntRel[0.2301]  Expansion[0.3485]  NoRel[0.0090]  Temporal[0.0842]  Contingency[0.2279]  Expansion
Comparison[0.0588]  EntRel[0.5630]  Expansion[0.2098]  NoRel[0.0031]  Temporal[0.1028]  Contingency[0.0624]  EntRel
Comparison[0.0887]  EntRel[0.4118]  Expansion[0.2151]  NoRel[0.0127]  Temporal[0.0472]  Contingency[0.2246]  EntRel
Comparison[0.1198]  EntRel[0.1845]  Expansion[0.3049]  NoRel[0.0099]  Temporal[0.0642]  Contingency[0.3166]  Contingency
Comparison[0.0906]  EntRel[0.4227]  Expansion[0.3339]  NoRel[0.0243]  Temporal[0.0830]  Contingency[0.0455]  EntRel
Comparison[0.0789]  EntRel[0.4168]  Expansion[0.3586]  NoRel[0.0736]  Temporal[0.0453]  Contingency[0.0269]  EntRel
Comparison[0.1244]  EntRel[0.1817]  Expansion[0.4979]  NoRel[0.0157]  Temporal[0.0611]  Contingency[0.1191]  Expansion
Comparison[0.1090]  EntRel[0.4093]  Expansion[0.1708]  NoRel[0.0698]  Temporal[0.0638]  Contingency[0.1772]  EntRel
Comparison[0.0862]  EntRel[0.1881]  Expansion[0.4648]  NoRel[0.0404]  Temporal[0.0425]  Contingency[0.1780]  Expansion
Comparison[0.0823]  EntRel[0.2766]  Expansion[0.4452]  NoRel[0.0027]  Temporal[0.0649]  Contingency[0.1282]  Expansion
Comparison[0.0696]  EntRel[0.2654]  Expansion[0.4463]  NoRel[0.0129]  Temporal[0.0565]  Contingency[0.1493]  Expansion
Comparison[0.1095]  EntRel[0.2237]  Expansion[0.3796]  NoRel[0.0487]  Temporal[0.0952]  Contingency[0.1432]  Expansion
Comparison[0.1386]  EntRel[0.2611]  Expansion[0.3711]  NoRel[0.0055]  Temporal[0.1013]  Contingency[0.1223]  Expansion
Comparison[0.1573]  EntRel[0.3061]  Expansion[0.2682]  NoRel[0.0329]  Temporal[0.0558]  Contingency[0.1797]  EntRel
Comparison[0.1195]  EntRel[0.2152]  Expansion[0.3542]  NoRel[0.0317]  Temporal[0.0878]  Contingency[0.1916]  Expansion
Comparison[0.0950]  EntRel[0.2198]  Expansion[0.2984]  NoRel[0.0400]  Temporal[0.0872]  Contingency[0.2596]  Expansion
Comparison[0.0891]  EntRel[0.3299]  Expansion[0.3145]  NoRel[0.0170]  Temporal[0.1177]  Contingency[0.1317]  EntRel
Comparison[0.1476]  EntRel[0.3725]  Expansion[0.2655]  NoRel[0.0051]  Temporal[0.0913]  Contingency[0.1180]  EntRel
Comparison[0.0827]  EntRel[0.5539]  Expansion[0.2253]  NoRel[0.0312]  Temporal[0.0195]  Contingency[0.0874]  EntRel
Comparison[0.1113]  EntRel[0.3035]  Expansion[0.2912]  NoRel[0.0624]  Temporal[0.0550]  Contingency[0.1766]  EntRel
Comparison[0.0422]  EntRel[0.2276]  Expansion[0.6099]  NoRel[0.0251]  Temporal[0.0273]  Contingency[0.0679]  Expansion
Comparison[0.0849]  EntRel[0.5739]  Expansion[0.1452]  NoRel[0.0191]  Temporal[0.0682]  Contingency[0.1088]  EntRel
