Comparison[0.0262]  EntRel[0.1923]  Expansion[0.6534]  NoRel[0.0046]  Temporal[0.0094]  Contingency[0.1141]  Expansion
Comparison[0.0444]  EntRel[0.4937]  Expansion[0.2828]  NoRel[0.0052]  Temporal[0.1385]  Contingency[0.0354]  EntRel
Comparison[0.1311]  EntRel[0.3384]  Expansion[0.2746]  NoRel[0.0192]  Temporal[0.1023]  Contingency[0.1344]  EntRel
Comparison[0.0588]  EntRel[0.3652]  Expansion[0.3903]  NoRel[0.0084]  Temporal[0.0339]  Contingency[0.1435]  Expansion
Comparison[0.0579]  EntRel[0.3913]  Expansion[0.2844]  NoRel[0.0157]  Temporal[0.0722]  Contingency[0.1786]  EntRel
Comparison[0.1308]  EntRel[0.2886]  Expansion[0.2202]  NoRel[0.0361]  Temporal[0.1003]  Contingency[0.2240]  EntRel
Comparison[0.0506]  EntRel[0.2291]  Expansion[0.5249]  NoRel[0.0136]  Temporal[0.0487]  Contingency[0.1332]  Expansion
Comparison[0.0543]  EntRel[0.4274]  Expansion[0.3387]  NoRel[0.0052]  Temporal[0.0849]  Contingency[0.0895]  EntRel
Comparison[0.1219]  EntRel[0.1964]  Expansion[0.4444]  NoRel[0.0180]  Temporal[0.0781]  Contingency[0.1412]  Expansion
Comparison[0.0842]  EntRel[0.3527]  Expansion[0.4024]  NoRel[0.0182]  Temporal[0.1113]  Contingency[0.0312]  Expansion
Comparison[0.0840]  EntRel[0.4912]  Expansion[0.2013]  NoRel[0.0069]  Temporal[0.1583]  Contingency[0.0583]  EntRel
Comparison[0.0299]  EntRel[0.4384]  Expansion[0.3757]  NoRel[0.0039]  Temporal[0.0373]  Contingency[0.1148]  EntRel
Comparison[0.0913]  EntRel[0.3115]  Expansion[0.3275]  NoRel[0.0039]  Temporal[0.0637]  Contingency[0.2021]  Expansion
Comparison[0.0624]  EntRel[0.3688]  Expansion[0.3236]  NoRel[0.0257]  Temporal[0.0842]  Contingency[0.1353]  EntRel
Comparison[0.0601]  EntRel[0.3914]  Expansion[0.4364]  NoRel[0.0167]  Temporal[0.0118]  Contingency[0.0835]  Expansion
Comparison[0.0428]  EntRel[0.3832]  Expansion[0.4537]  NoRel[0.0046]  Temporal[0.0265]  Contingency[0.0892]  Expansion
Comparison[0.1362]  EntRel[0.1931]  Expansion[0.2803]  NoRel[0.0053]  Temporal[0.0517]  Contingency[0.3334]  Contingency
Comparison[0.0974]  EntRel[0.1660]  Expansion[0.3339]  NoRel[0.0211]  Temporal[0.0644]  Contingency[0.3172]  Expansion
Comparison[0.0798]  EntRel[0.1590]  Expansion[0.2172]  NoRel[0.0292]  Temporal[0.2902]  Contingency[0.2247]  Temporal
Comparison[0.1458]  EntRel[0.2397]  Expansion[0.2964]  NoRel[0.0156]  Temporal[0.0193]  Contingency[0.2832]  Expansion
Comparison[0.0497]  EntRel[0.2670]  Expansion[0.3636]  NoRel[0.0173]  Temporal[0.0396]  Contingency[0.2628]  Expansion
Comparison[0.1397]  EntRel[0.2375]  Expansion[0.3491]  NoRel[0.0375]  Temporal[0.0703]  Contingency[0.1658]  Expansion
Comparison[0.1428]  EntRel[0.1887]  Expansion[0.1765]  NoRel[0.0305]  Temporal[0.2681]  Contingency[0.1934]  Temporal
Comparison[0.0533]  EntRel[0.3487]  Expansion[0.3630]  NoRel[0.0172]  Temporal[0.0905]  Contingency[0.1272]  Expansion
Comparison[0.1164]  EntRel[0.2177]  Expansion[0.2901]  NoRel[0.0258]  Temporal[0.0981]  Contingency[0.2518]  Expansion
Comparison[0.1358]  EntRel[0.1830]  Expansion[0.4064]  NoRel[0.0480]  Temporal[0.0842]  Contingency[0.1426]  Expansion
Comparison[0.1169]  EntRel[0.1392]  Expansion[0.3632]  NoRel[0.0552]  Temporal[0.0870]  Contingency[0.2384]  Expansion
