Expansion[0.0407]  Contingency[0.0536]  Comparison[0.4258]  Temporal[0.4798]  Temporal
Expansion[0.9709]  Contingency[0.0216]  Comparison[0.0039]  Temporal[0.0036]  Expansion
Expansion[0.9069]  Contingency[0.0765]  Comparison[0.0079]  Temporal[0.0087]  Expansion
Expansion[0.0025]  Contingency[0.9798]  Comparison[0.0073]  Temporal[0.0104]  Contingency
Expansion[0.0041]  Contingency[0.0227]  Comparison[0.8552]  Temporal[0.1181]  Comparison
Expansion[0.0053]  Contingency[0.0773]  Comparison[0.0157]  Temporal[0.9017]  Temporal
Expansion[0.0003]  Contingency[0.1450]  Comparison[0.0010]  Temporal[0.8537]  Temporal
Expansion[0.0010]  Contingency[0.9877]  Comparison[0.0042]  Temporal[0.0070]  Contingency
Expansion[0.0321]  Contingency[0.0006]  Comparison[0.9655]  Temporal[0.0017]  Comparison
Expansion[0.0004]  Contingency[0.9966]  Comparison[0.0012]  Temporal[0.0017]  Contingency
Expansion[0.0100]  Contingency[0.3668]  Comparison[0.0294]  Temporal[0.5938]  Temporal
Expansion[0.0124]  Contingency[0.0031]  Comparison[0.9766]  Temporal[0.0079]  Comparison
Expansion[0.0407]  Contingency[0.0536]  Comparison[0.4258]  Temporal[0.4798]  Temporal
Expansion[0.0003]  Contingency[0.9583]  Comparison[0.0021]  Temporal[0.0393]  Contingency
Expansion[0.0003]  Contingency[0.1450]  Comparison[0.0010]  Temporal[0.8537]  Temporal
