Expansion[0.9855]  Contingency[0.0048]  Comparison[0.0048]  Temporal[0.0048]  Expansion
Expansion[0.0010]  Contingency[0.9877]  Comparison[0.0042]  Temporal[0.0070]  Contingency
Expansion[0.0003]  Contingency[0.9583]  Comparison[0.0021]  Temporal[0.0393]  Contingency
Expansion[0.0103]  Contingency[0.0312]  Comparison[0.0305]  Temporal[0.9279]  Temporal
Expansion[0.0330]  Contingency[0.0004]  Comparison[0.9654]  Temporal[0.0012]  Comparison
Expansion[0.0038]  Contingency[0.9555]  Comparison[0.0153]  Temporal[0.0254]  Contingency
Expansion[0.9470]  Contingency[0.0043]  Comparison[0.0376]  Temporal[0.0111]  Expansion
Expansion[0.0060]  Contingency[0.9507]  Comparison[0.0178]  Temporal[0.0254]  Contingency
Expansion[0.0002]  Contingency[0.4399]  Comparison[0.0007]  Temporal[0.5593]  Temporal
Expansion[0.0010]  Contingency[0.9877]  Comparison[0.0042]  Temporal[0.0070]  Contingency
Expansion[0.0207]  Contingency[0.0055]  Comparison[0.9718]  Temporal[0.0020]  Comparison
Expansion[0.2500]  Contingency[0.2500]  Comparison[0.2500]  Temporal[0.2500]  Expansion
Expansion[0.9723]  Contingency[0.0167]  Comparison[0.0018]  Temporal[0.0092]  Expansion
Expansion[0.9069]  Contingency[0.0765]  Comparison[0.0079]  Temporal[0.0087]  Expansion
Expansion[0.0103]  Contingency[0.0312]  Comparison[0.0305]  Temporal[0.9279]  Temporal
Expansion[0.0010]  Contingency[0.9877]  Comparison[0.0042]  Temporal[0.0070]  Contingency
Expansion[0.0063]  Contingency[0.9811]  Comparison[0.0063]  Temporal[0.0063]  Contingency
Expansion[0.0321]  Contingency[0.0006]  Comparison[0.9655]  Temporal[0.0017]  Comparison
Expansion[0.0258]  Contingency[0.0012]  Comparison[0.9718]  Temporal[0.0012]  Comparison
Expansion[0.0001]  Contingency[0.9514]  Comparison[0.0369]  Temporal[0.0117]  Contingency
Expansion[0.7891]  Contingency[0.0045]  Comparison[0.1951]  Temporal[0.0114]  Expansion
