Comparison[0.2229]  EntRel[0.4803]  Expansion[0.2533]  NoRel[0.0026]  Temporal[0.0332]  Contingency[0.0078]  EntRel
Comparison[0.1580]  EntRel[0.2883]  Expansion[0.3597]  NoRel[0.0308]  Temporal[0.0496]  Contingency[0.1136]  Expansion
Comparison[0.0921]  EntRel[0.3669]  Expansion[0.3618]  NoRel[0.0097]  Temporal[0.0814]  Contingency[0.0882]  EntRel
Comparison[0.1007]  EntRel[0.3505]  Expansion[0.2424]  NoRel[0.0646]  Temporal[0.1160]  Contingency[0.1258]  EntRel
Comparison[0.0848]  EntRel[0.4785]  Expansion[0.2851]  NoRel[0.0959]  Temporal[0.0261]  Contingency[0.0297]  EntRel
Comparison[0.1207]  EntRel[0.5392]  Expansion[0.2036]  NoRel[0.0251]  Temporal[0.0412]  Contingency[0.0701]  EntRel
Comparison[0.0828]  EntRel[0.2301]  Expansion[0.3370]  NoRel[0.0007]  Temporal[0.0799]  Contingency[0.2694]  Expansion
Comparison[0.1160]  EntRel[0.2047]  Expansion[0.3767]  NoRel[0.0014]  Temporal[0.0464]  Contingency[0.2548]  Expansion
Comparison[0.0544]  EntRel[0.2626]  Expansion[0.2645]  NoRel[0.0047]  Temporal[0.0390]  Contingency[0.3748]  Contingency
Comparison[0.0780]  EntRel[0.2839]  Expansion[0.4400]  NoRel[0.0155]  Temporal[0.0575]  Contingency[0.1251]  Expansion
Comparison[0.0442]  EntRel[0.5748]  Expansion[0.2433]  NoRel[0.0130]  Temporal[0.0491]  Contingency[0.0756]  EntRel
Comparison[0.0312]  EntRel[0.5014]  Expansion[0.4381]  NoRel[0.0032]  Temporal[0.0116]  Contingency[0.0145]  EntRel
Comparison[0.0914]  EntRel[0.2466]  Expansion[0.4215]  NoRel[0.0215]  Temporal[0.0268]  Contingency[0.1921]  Expansion
Comparison[0.0692]  EntRel[0.3319]  Expansion[0.3609]  NoRel[0.0158]  Temporal[0.0368]  Contingency[0.1854]  Expansion
Comparison[0.0449]  EntRel[0.5047]  Expansion[0.2816]  NoRel[0.0595]  Temporal[0.0653]  Contingency[0.0439]  EntRel
Comparison[0.1448]  EntRel[0.1976]  Expansion[0.4030]  NoRel[0.0041]  Temporal[0.0647]  Contingency[0.1857]  Expansion
Comparison[0.1168]  EntRel[0.2049]  Expansion[0.3579]  NoRel[0.0402]  Temporal[0.0293]  Contingency[0.2508]  Expansion
Comparison[0.1029]  EntRel[0.1649]  Expansion[0.3474]  NoRel[0.0118]  Temporal[0.1508]  Contingency[0.2223]  Expansion
Comparison[0.0869]  EntRel[0.1667]  Expansion[0.3488]  NoRel[0.0015]  Temporal[0.0270]  Contingency[0.3691]  Contingency
Comparison[0.0760]  EntRel[0.4962]  Expansion[0.3867]  NoRel[0.0089]  Temporal[0.0130]  Contingency[0.0192]  EntRel
Comparison[0.1254]  EntRel[0.5322]  Expansion[0.2338]  NoRel[0.0044]  Temporal[0.0453]  Contingency[0.0587]  EntRel
Comparison[0.1696]  EntRel[0.0978]  Expansion[0.3169]  NoRel[0.0216]  Temporal[0.0447]  Contingency[0.3494]  Contingency
Comparison[0.1170]  EntRel[0.3350]  Expansion[0.3038]  NoRel[0.0343]  Temporal[0.0947]  Contingency[0.1152]  EntRel
Comparison[0.0743]  EntRel[0.4083]  Expansion[0.3398]  NoRel[0.0270]  Temporal[0.1040]  Contingency[0.0465]  EntRel
Comparison[0.0914]  EntRel[0.5852]  Expansion[0.1613]  NoRel[0.0343]  Temporal[0.0408]  Contingency[0.0870]  EntRel
Comparison[0.1265]  EntRel[0.1451]  Expansion[0.4013]  NoRel[0.0027]  Temporal[0.0118]  Contingency[0.3125]  Expansion
Comparison[0.0603]  EntRel[0.1434]  Expansion[0.2558]  NoRel[0.0032]  Temporal[0.0246]  Contingency[0.5127]  Contingency
Comparison[0.0778]  EntRel[0.4167]  Expansion[0.4015]  NoRel[0.0164]  Temporal[0.0758]  Contingency[0.0118]  EntRel
Comparison[0.1729]  EntRel[0.6432]  Expansion[0.1173]  NoRel[0.0398]  Temporal[0.0035]  Contingency[0.0233]  EntRel
Comparison[0.0939]  EntRel[0.0616]  Expansion[0.4351]  NoRel[0.0016]  Temporal[0.0130]  Contingency[0.3948]  Expansion
Comparison[0.1288]  EntRel[0.2571]  Expansion[0.3087]  NoRel[0.0184]  Temporal[0.0422]  Contingency[0.2449]  Expansion
Comparison[0.0455]  EntRel[0.4498]  Expansion[0.4602]  NoRel[0.0141]  Temporal[0.0075]  Contingency[0.0229]  Expansion
Comparison[0.0738]  EntRel[0.5724]  Expansion[0.1380]  NoRel[0.1382]  Temporal[0.0436]  Contingency[0.0340]  EntRel
Comparison[0.0711]  EntRel[0.2844]  Expansion[0.2870]  NoRel[0.0071]  Temporal[0.0078]  Contingency[0.3427]  Contingency
