Comparison[0.1044]  EntRel[0.1651]  Expansion[0.4100]  NoRel[0.0342]  Temporal[0.0848]  Contingency[0.2014]  Expansion
Comparison[0.2419]  EntRel[0.1773]  Expansion[0.3276]  NoRel[0.0234]  Temporal[0.0647]  Contingency[0.1651]  Expansion
Comparison[0.1092]  EntRel[0.2753]  Expansion[0.3151]  NoRel[0.0139]  Temporal[0.0769]  Contingency[0.2097]  Expansion
Comparison[0.0931]  EntRel[0.2471]  Expansion[0.3198]  NoRel[0.0068]  Temporal[0.0747]  Contingency[0.2585]  Expansion
Comparison[0.1148]  EntRel[0.1467]  Expansion[0.2595]  NoRel[0.0417]  Temporal[0.0451]  Contingency[0.3922]  Contingency
Comparison[0.2035]  EntRel[0.1160]  Expansion[0.4710]  NoRel[0.0049]  Temporal[0.0394]  Contingency[0.1652]  Expansion
Comparison[0.0979]  EntRel[0.2041]  Expansion[0.2956]  NoRel[0.0222]  Temporal[0.0221]  Contingency[0.3582]  Contingency
Comparison[0.1020]  EntRel[0.1705]  Expansion[0.4023]  NoRel[0.0079]  Temporal[0.0512]  Contingency[0.2662]  Expansion
Comparison[0.1620]  EntRel[0.2399]  Expansion[0.3577]  NoRel[0.0120]  Temporal[0.0262]  Contingency[0.2022]  Expansion
Comparison[0.1044]  EntRel[0.3429]  Expansion[0.2337]  NoRel[0.0422]  Temporal[0.0721]  Contingency[0.2048]  EntRel
Comparison[0.0802]  EntRel[0.2461]  Expansion[0.3025]  NoRel[0.0138]  Temporal[0.0667]  Contingency[0.2907]  Expansion
Comparison[0.1312]  EntRel[0.2909]  Expansion[0.2396]  NoRel[0.0478]  Temporal[0.0505]  Contingency[0.2400]  EntRel
Comparison[0.2138]  EntRel[0.1901]  Expansion[0.3050]  NoRel[0.0111]  Temporal[0.0460]  Contingency[0.2340]  Expansion
Comparison[0.0925]  EntRel[0.2329]  Expansion[0.3982]  NoRel[0.0006]  Temporal[0.0126]  Contingency[0.2632]  Expansion
Comparison[0.0987]  EntRel[0.2203]  Expansion[0.2250]  NoRel[0.0112]  Temporal[0.0746]  Contingency[0.3703]  Contingency
Comparison[0.1873]  EntRel[0.2261]  Expansion[0.1516]  NoRel[0.0378]  Temporal[0.2862]  Contingency[0.1110]  Temporal
Comparison[0.1645]  EntRel[0.0836]  Expansion[0.3381]  NoRel[0.0121]  Temporal[0.0937]  Contingency[0.3080]  Expansion
Comparison[0.0827]  EntRel[0.0468]  Expansion[0.5260]  NoRel[0.0008]  Temporal[0.0339]  Contingency[0.3098]  Expansion
Comparison[0.0997]  EntRel[0.1265]  Expansion[0.4198]  NoRel[0.0009]  Temporal[0.1147]  Contingency[0.2385]  Expansion
