Expansion[0.0003]  Contingency[0.2550]  Comparison[0.0160]  Temporal[0.7287]  Temporal
Expansion[0.9670]  Contingency[0.0081]  Comparison[0.0248]  Temporal[0.0002]  Expansion
Expansion[0.0124]  Contingency[0.0031]  Comparison[0.9766]  Temporal[0.0079]  Comparison
Expansion[0.9820]  Contingency[0.0043]  Comparison[0.0133]  Temporal[0.0004]  Expansion
Expansion[0.0124]  Contingency[0.0031]  Comparison[0.9766]  Temporal[0.0079]  Comparison
Expansion[0.9849]  Contingency[0.0023]  Comparison[0.0070]  Temporal[0.0058]  Expansion
Expansion[0.9904]  Contingency[0.0023]  Comparison[0.0072]  Temporal[0.0001]  Expansion
Expansion[0.0060]  Contingency[0.9507]  Comparison[0.0178]  Temporal[0.0254]  Contingency
Expansion[0.0012]  Contingency[0.0077]  Comparison[0.0036]  Temporal[0.9874]  Temporal
Expansion[0.0321]  Contingency[0.0006]  Comparison[0.9655]  Temporal[0.0017]  Comparison
Expansion[0.0064]  Contingency[0.0402]  Comparison[0.0189]  Temporal[0.9346]  Temporal
Expansion[0.0321]  Contingency[0.0006]  Comparison[0.9655]  Temporal[0.0017]  Comparison
Expansion[0.0100]  Contingency[0.3668]  Comparison[0.0294]  Temporal[0.5938]  Temporal
Expansion[0.0014]  Contingency[0.9890]  Comparison[0.0040]  Temporal[0.0057]  Contingency
Expansion[0.0002]  Contingency[0.3073]  Comparison[0.0373]  Temporal[0.6552]  Temporal
