Comparison[0.0316]  EntRel[0.7349]  Expansion[0.1942]  NoRel[0.0122]  Temporal[0.0117]  Contingency[0.0153]  EntRel
Comparison[0.2696]  EntRel[0.2408]  Expansion[0.2693]  NoRel[0.0070]  Temporal[0.0497]  Contingency[0.1636]  Comparison
Comparison[0.1182]  EntRel[0.2303]  Expansion[0.3492]  NoRel[0.0044]  Temporal[0.1486]  Contingency[0.1493]  Expansion
Comparison[0.0807]  EntRel[0.4187]  Expansion[0.3631]  NoRel[0.0178]  Temporal[0.0672]  Contingency[0.0525]  EntRel
Comparison[0.1312]  EntRel[0.2148]  Expansion[0.3011]  NoRel[0.0090]  Temporal[0.1528]  Contingency[0.1910]  Expansion
Comparison[0.1410]  EntRel[0.3357]  Expansion[0.3961]  NoRel[0.0104]  Temporal[0.0414]  Contingency[0.0753]  Expansion
Comparison[0.0807]  EntRel[0.4277]  Expansion[0.3580]  NoRel[0.0631]  Temporal[0.0189]  Contingency[0.0516]  EntRel
Comparison[0.2061]  EntRel[0.1847]  Expansion[0.4278]  NoRel[0.0008]  Temporal[0.1166]  Contingency[0.0639]  Expansion
Comparison[0.0648]  EntRel[0.6913]  Expansion[0.2280]  NoRel[0.0038]  Temporal[0.0037]  Contingency[0.0084]  EntRel
Comparison[0.0519]  EntRel[0.5436]  Expansion[0.2837]  NoRel[0.0047]  Temporal[0.0628]  Contingency[0.0533]  EntRel
Comparison[0.0981]  EntRel[0.2205]  Expansion[0.3937]  NoRel[0.0039]  Temporal[0.0204]  Contingency[0.2633]  Expansion
Comparison[0.0972]  EntRel[0.5353]  Expansion[0.2396]  NoRel[0.0022]  Temporal[0.0192]  Contingency[0.1066]  EntRel
Comparison[0.0458]  EntRel[0.5999]  Expansion[0.3357]  NoRel[0.0015]  Temporal[0.0076]  Contingency[0.0094]  EntRel
Comparison[0.0899]  EntRel[0.1578]  Expansion[0.4010]  NoRel[0.0039]  Temporal[0.0267]  Contingency[0.3206]  Expansion
Comparison[0.1281]  EntRel[0.2622]  Expansion[0.2615]  NoRel[0.0747]  Temporal[0.1080]  Contingency[0.1655]  EntRel
Comparison[0.0697]  EntRel[0.2226]  Expansion[0.3479]  NoRel[0.0186]  Temporal[0.0566]  Contingency[0.2846]  Expansion
Comparison[0.1508]  EntRel[0.2519]  Expansion[0.3704]  NoRel[0.0316]  Temporal[0.0775]  Contingency[0.1179]  Expansion
Comparison[0.1145]  EntRel[0.2924]  Expansion[0.4403]  NoRel[0.0164]  Temporal[0.0516]  Contingency[0.0848]  Expansion
Comparison[0.2049]  EntRel[0.3136]  Expansion[0.2789]  NoRel[0.0045]  Temporal[0.0407]  Contingency[0.1575]  EntRel
Comparison[0.1174]  EntRel[0.4014]  Expansion[0.2600]  NoRel[0.0208]  Temporal[0.0766]  Contingency[0.1237]  EntRel
Comparison[0.0827]  EntRel[0.2577]  Expansion[0.3319]  NoRel[0.0194]  Temporal[0.0686]  Contingency[0.2397]  Expansion
Comparison[0.0887]  EntRel[0.3654]  Expansion[0.3033]  NoRel[0.0124]  Temporal[0.0997]  Contingency[0.1306]  EntRel
Comparison[0.0707]  EntRel[0.2979]  Expansion[0.2748]  NoRel[0.0127]  Temporal[0.0552]  Contingency[0.2887]  EntRel
Comparison[0.1070]  EntRel[0.1592]  Expansion[0.6617]  NoRel[0.0122]  Temporal[0.0075]  Contingency[0.0524]  Expansion
Comparison[0.1641]  EntRel[0.1322]  Expansion[0.6315]  NoRel[0.0029]  Temporal[0.0499]  Contingency[0.0195]  Expansion
Comparison[0.1249]  EntRel[0.4055]  Expansion[0.2393]  NoRel[0.0318]  Temporal[0.1001]  Contingency[0.0985]  EntRel
