Comparison[0.1504]  EntRel[0.3399]  Expansion[0.1645]  NoRel[0.0612]  Temporal[0.0645]  Contingency[0.2196]  EntRel
Comparison[0.0455]  EntRel[0.5134]  Expansion[0.1884]  NoRel[0.0090]  Temporal[0.0195]  Contingency[0.2243]  EntRel
Comparison[0.0761]  EntRel[0.4479]  Expansion[0.4036]  NoRel[0.0100]  Temporal[0.0301]  Contingency[0.0324]  EntRel
Comparison[0.1534]  EntRel[0.3557]  Expansion[0.2489]  NoRel[0.0437]  Temporal[0.0401]  Contingency[0.1581]  EntRel
Comparison[0.1234]  EntRel[0.2630]  Expansion[0.3095]  NoRel[0.1072]  Temporal[0.0469]  Contingency[0.1499]  Expansion
Comparison[0.0473]  EntRel[0.4134]  Expansion[0.4563]  NoRel[0.0191]  Temporal[0.0487]  Contingency[0.0151]  Expansion
Comparison[0.0497]  EntRel[0.6188]  Expansion[0.2532]  NoRel[0.0092]  Temporal[0.0156]  Contingency[0.0535]  EntRel
Comparison[0.0975]  EntRel[0.2438]  Expansion[0.4069]  NoRel[0.0026]  Temporal[0.0712]  Contingency[0.1780]  Expansion
Comparison[0.1075]  EntRel[0.3898]  Expansion[0.4137]  NoRel[0.0062]  Temporal[0.0515]  Contingency[0.0314]  Expansion
Comparison[0.1146]  EntRel[0.4132]  Expansion[0.2548]  NoRel[0.0215]  Temporal[0.0420]  Contingency[0.1539]  EntRel
Comparison[0.1332]  EntRel[0.1682]  Expansion[0.3219]  NoRel[0.0093]  Temporal[0.0849]  Contingency[0.2825]  Expansion
Comparison[0.0945]  EntRel[0.1499]  Expansion[0.3966]  NoRel[0.0018]  Temporal[0.1362]  Contingency[0.2210]  Expansion
Comparison[0.0825]  EntRel[0.3172]  Expansion[0.3992]  NoRel[0.0043]  Temporal[0.0552]  Contingency[0.1416]  Expansion
Comparison[0.1177]  EntRel[0.2806]  Expansion[0.3279]  NoRel[0.0010]  Temporal[0.0529]  Contingency[0.2200]  Expansion
Comparison[0.0713]  EntRel[0.1784]  Expansion[0.2692]  NoRel[0.0028]  Temporal[0.0518]  Contingency[0.4263]  Contingency
Comparison[0.1572]  EntRel[0.1815]  Expansion[0.3202]  NoRel[0.0114]  Temporal[0.0833]  Contingency[0.2464]  Expansion
Comparison[0.1437]  EntRel[0.2844]  Expansion[0.2282]  NoRel[0.0265]  Temporal[0.1483]  Contingency[0.1688]  EntRel
Comparison[0.2217]  EntRel[0.1063]  Expansion[0.2772]  NoRel[0.0532]  Temporal[0.1254]  Contingency[0.2161]  Expansion
Comparison[0.1485]  EntRel[0.2039]  Expansion[0.3032]  NoRel[0.0205]  Temporal[0.0414]  Contingency[0.2826]  Expansion
Comparison[0.0810]  EntRel[0.3376]  Expansion[0.3367]  NoRel[0.0027]  Temporal[0.0379]  Contingency[0.2041]  EntRel
Comparison[0.0637]  EntRel[0.2901]  Expansion[0.4822]  NoRel[0.0157]  Temporal[0.0543]  Contingency[0.0940]  Expansion
Comparison[0.1296]  EntRel[0.1838]  Expansion[0.4408]  NoRel[0.0059]  Temporal[0.0363]  Contingency[0.2036]  Expansion
Comparison[0.1605]  EntRel[0.1814]  Expansion[0.3152]  NoRel[0.0161]  Temporal[0.0222]  Contingency[0.3046]  Expansion
Comparison[0.1603]  EntRel[0.1017]  Expansion[0.3339]  NoRel[0.0251]  Temporal[0.0412]  Contingency[0.3378]  Contingency
Comparison[0.0965]  EntRel[0.3185]  Expansion[0.3677]  NoRel[0.0087]  Temporal[0.0579]  Contingency[0.1506]  Expansion
Comparison[0.1339]  EntRel[0.1544]  Expansion[0.3492]  NoRel[0.0022]  Temporal[0.0710]  Contingency[0.2894]  Expansion
Comparison[0.0539]  EntRel[0.1558]  Expansion[0.2936]  NoRel[0.0137]  Temporal[0.0273]  Contingency[0.4558]  Contingency
Comparison[0.0780]  EntRel[0.2839]  Expansion[0.4400]  NoRel[0.0155]  Temporal[0.0575]  Contingency[0.1251]  Expansion
