Expansion[0.0067]  Contingency[0.0149]  Comparison[0.9683]  Temporal[0.0100]  Comparison
Expansion[0.0087]  Contingency[0.9860]  Comparison[0.0029]  Temporal[0.0024]  Contingency
Expansion[0.0258]  Contingency[0.0012]  Comparison[0.9718]  Temporal[0.0012]  Comparison
Expansion[0.9369]  Contingency[0.0463]  Comparison[0.0092]  Temporal[0.0076]  Expansion
Expansion[0.0003]  Contingency[0.1450]  Comparison[0.0010]  Temporal[0.8537]  Temporal
Expansion[0.0067]  Contingency[0.0149]  Comparison[0.9683]  Temporal[0.0100]  Comparison
Expansion[0.9904]  Contingency[0.0023]  Comparison[0.0072]  Temporal[0.0001]  Expansion
Expansion[0.9369]  Contingency[0.0463]  Comparison[0.0092]  Temporal[0.0076]  Expansion
Expansion[0.0041]  Contingency[0.0227]  Comparison[0.8552]  Temporal[0.1181]  Comparison
Expansion[0.0003]  Contingency[0.0073]  Comparison[0.9875]  Temporal[0.0049]  Comparison
Expansion[0.0013]  Contingency[0.9893]  Comparison[0.0039]  Temporal[0.0055]  Contingency
Expansion[0.0001]  Contingency[0.9469]  Comparison[0.0413]  Temporal[0.0117]  Contingency
Expansion[0.9723]  Contingency[0.0167]  Comparison[0.0018]  Temporal[0.0092]  Expansion
Expansion[0.0012]  Contingency[0.0067]  Comparison[0.7441]  Temporal[0.2480]  Comparison
Expansion[0.0258]  Contingency[0.0012]  Comparison[0.9718]  Temporal[0.0012]  Comparison
