Expansion[0.4190]  Contingency[0.0136]  Comparison[0.1005]  Temporal[0.4668]  Temporal
Expansion[0.0321]  Contingency[0.0006]  Comparison[0.9655]  Temporal[0.0017]  Comparison
Expansion[0.9709]  Contingency[0.0216]  Comparison[0.0039]  Temporal[0.0036]  Expansion
Expansion[0.0321]  Contingency[0.0006]  Comparison[0.9655]  Temporal[0.0017]  Comparison
Expansion[0.0031]  Contingency[0.0042]  Comparison[0.1599]  Temporal[0.8327]  Temporal
Expansion[0.9901]  Contingency[0.0074]  Comparison[0.0013]  Temporal[0.0012]  Expansion
Expansion[0.0004]  Contingency[0.9966]  Comparison[0.0012]  Temporal[0.0017]  Contingency
Expansion[0.0060]  Contingency[0.9507]  Comparison[0.0178]  Temporal[0.0254]  Contingency
Expansion[0.9670]  Contingency[0.0081]  Comparison[0.0248]  Temporal[0.0002]  Expansion
Expansion[0.9820]  Contingency[0.0043]  Comparison[0.0133]  Temporal[0.0004]  Expansion
Expansion[0.0010]  Contingency[0.6929]  Comparison[0.0247]  Temporal[0.2814]  Contingency
Expansion[0.0010]  Contingency[0.9877]  Comparison[0.0042]  Temporal[0.0070]  Contingency
Expansion[0.9904]  Contingency[0.0023]  Comparison[0.0072]  Temporal[0.0001]  Expansion
Expansion[0.0060]  Contingency[0.9507]  Comparison[0.0178]  Temporal[0.0254]  Contingency
Expansion[0.9723]  Contingency[0.0167]  Comparison[0.0018]  Temporal[0.0092]  Expansion
Expansion[0.0007]  Contingency[0.9577]  Comparison[0.0020]  Temporal[0.0396]  Contingency
Expansion[0.0258]  Contingency[0.0012]  Comparison[0.9718]  Temporal[0.0012]  Comparison
