Comparison[0.0634]  EntRel[0.1667]  Expansion[0.6160]  NoRel[0.0049]  Temporal[0.0015]  Contingency[0.1474]  Expansion
Comparison[0.0676]  EntRel[0.1558]  Expansion[0.5006]  NoRel[0.0076]  Temporal[0.0180]  Contingency[0.2504]  Expansion
Comparison[0.0520]  EntRel[0.6437]  Expansion[0.2564]  NoRel[0.0031]  Temporal[0.0337]  Contingency[0.0112]  EntRel
Comparison[0.0213]  EntRel[0.7721]  Expansion[0.1789]  NoRel[0.0164]  Temporal[0.0053]  Contingency[0.0060]  EntRel
Comparison[0.1478]  EntRel[0.4067]  Expansion[0.2804]  NoRel[0.0093]  Temporal[0.0724]  Contingency[0.0835]  EntRel
Comparison[0.1195]  EntRel[0.1657]  Expansion[0.4250]  NoRel[0.0132]  Temporal[0.0155]  Contingency[0.2611]  Expansion
Comparison[0.1091]  EntRel[0.1996]  Expansion[0.4263]  NoRel[0.0055]  Temporal[0.0048]  Contingency[0.2547]  Expansion
Comparison[0.1004]  EntRel[0.1080]  Expansion[0.6260]  NoRel[0.0053]  Temporal[0.0140]  Contingency[0.1463]  Expansion
Comparison[0.1062]  EntRel[0.5107]  Expansion[0.3094]  NoRel[0.0062]  Temporal[0.0192]  Contingency[0.0482]  EntRel
Comparison[0.0770]  EntRel[0.5113]  Expansion[0.2005]  NoRel[0.1437]  Temporal[0.0268]  Contingency[0.0406]  EntRel
Comparison[0.2447]  EntRel[0.2786]  Expansion[0.2954]  NoRel[0.0081]  Temporal[0.0288]  Contingency[0.1443]  Expansion
Comparison[0.0616]  EntRel[0.4567]  Expansion[0.3020]  NoRel[0.0140]  Temporal[0.0678]  Contingency[0.0979]  EntRel
Comparison[0.0653]  EntRel[0.3540]  Expansion[0.2570]  NoRel[0.0351]  Temporal[0.2455]  Contingency[0.0431]  EntRel
Comparison[0.1777]  EntRel[0.1943]  Expansion[0.2901]  NoRel[0.0515]  Temporal[0.0927]  Contingency[0.1937]  Expansion
Comparison[0.2054]  EntRel[0.2627]  Expansion[0.2522]  NoRel[0.0601]  Temporal[0.0743]  Contingency[0.1452]  EntRel
Comparison[0.0798]  EntRel[0.2487]  Expansion[0.3599]  NoRel[0.0274]  Temporal[0.0785]  Contingency[0.2057]  Expansion
Comparison[0.0588]  EntRel[0.4734]  Expansion[0.3442]  NoRel[0.0246]  Temporal[0.0096]  Contingency[0.0894]  EntRel
Comparison[0.1111]  EntRel[0.1305]  Expansion[0.4438]  NoRel[0.0049]  Temporal[0.0026]  Contingency[0.3071]  Expansion
Comparison[0.0527]  EntRel[0.1434]  Expansion[0.5393]  NoRel[0.0012]  Temporal[0.0048]  Contingency[0.2585]  Expansion
Comparison[0.0752]  EntRel[0.2056]  Expansion[0.5147]  NoRel[0.0072]  Temporal[0.0034]  Contingency[0.1938]  Expansion
Comparison[0.1482]  EntRel[0.1502]  Expansion[0.4533]  NoRel[0.0019]  Temporal[0.0554]  Contingency[0.1909]  Expansion
Comparison[0.0303]  EntRel[0.4934]  Expansion[0.4232]  NoRel[0.0106]  Temporal[0.0267]  Contingency[0.0158]  EntRel
Comparison[0.0193]  EntRel[0.7423]  Expansion[0.1970]  NoRel[0.0252]  Temporal[0.0081]  Contingency[0.0081]  EntRel
Comparison[0.0766]  EntRel[0.4463]  Expansion[0.4590]  NoRel[0.0050]  Temporal[0.0052]  Contingency[0.0080]  Expansion
Comparison[0.1267]  EntRel[0.2195]  Expansion[0.2699]  NoRel[0.0037]  Temporal[0.0211]  Contingency[0.3591]  Contingency
Comparison[0.1327]  EntRel[0.4247]  Expansion[0.3875]  NoRel[0.0064]  Temporal[0.0138]  Contingency[0.0348]  EntRel
Comparison[0.0545]  EntRel[0.4875]  Expansion[0.3229]  NoRel[0.0741]  Temporal[0.0431]  Contingency[0.0178]  EntRel
Comparison[0.0849]  EntRel[0.1664]  Expansion[0.5994]  NoRel[0.0019]  Temporal[0.0559]  Contingency[0.0916]  Expansion
Comparison[0.1287]  EntRel[0.2518]  Expansion[0.3101]  NoRel[0.0214]  Temporal[0.0362]  Contingency[0.2519]  Expansion
Comparison[0.0704]  EntRel[0.3987]  Expansion[0.3772]  NoRel[0.0144]  Temporal[0.0158]  Contingency[0.1236]  EntRel
Comparison[0.0970]  EntRel[0.4119]  Expansion[0.3329]  NoRel[0.0222]  Temporal[0.0319]  Contingency[0.1042]  EntRel
Comparison[0.1301]  EntRel[0.3107]  Expansion[0.3397]  NoRel[0.0536]  Temporal[0.0253]  Contingency[0.1405]  Expansion
Comparison[0.1720]  EntRel[0.2722]  Expansion[0.2262]  NoRel[0.0646]  Temporal[0.0329]  Contingency[0.2322]  EntRel
Comparison[0.0647]  EntRel[0.1230]  Expansion[0.6559]  NoRel[0.0230]  Temporal[0.0234]  Contingency[0.1100]  Expansion
Comparison[0.0972]  EntRel[0.4034]  Expansion[0.4210]  NoRel[0.0246]  Temporal[0.0232]  Contingency[0.0306]  Expansion
Comparison[0.0472]  EntRel[0.4833]  Expansion[0.4094]  NoRel[0.0058]  Temporal[0.0126]  Contingency[0.0417]  EntRel
Comparison[0.1914]  EntRel[0.2318]  Expansion[0.4358]  NoRel[0.0028]  Temporal[0.0274]  Contingency[0.1108]  Expansion
Comparison[0.0387]  EntRel[0.3019]  Expansion[0.6163]  NoRel[0.0045]  Temporal[0.0326]  Contingency[0.0060]  Expansion
Comparison[0.0417]  EntRel[0.5867]  Expansion[0.2962]  NoRel[0.0374]  Temporal[0.0308]  Contingency[0.0073]  EntRel
Comparison[0.0340]  EntRel[0.3995]  Expansion[0.5061]  NoRel[0.0083]  Temporal[0.0371]  Contingency[0.0151]  Expansion
Comparison[0.0605]  EntRel[0.4909]  Expansion[0.3868]  NoRel[0.0267]  Temporal[0.0199]  Contingency[0.0152]  EntRel
Comparison[0.0521]  EntRel[0.2323]  Expansion[0.4931]  NoRel[0.0121]  Temporal[0.1490]  Contingency[0.0615]  Expansion
Comparison[0.1626]  EntRel[0.3161]  Expansion[0.3203]  NoRel[0.0216]  Temporal[0.0390]  Contingency[0.1404]  Expansion
Comparison[0.0975]  EntRel[0.4871]  Expansion[0.3562]  NoRel[0.0154]  Temporal[0.0293]  Contingency[0.0145]  EntRel
Comparison[0.0486]  EntRel[0.1628]  Expansion[0.5135]  NoRel[0.0097]  Temporal[0.1053]  Contingency[0.1600]  Expansion
Comparison[0.0876]  EntRel[0.2088]  Expansion[0.4914]  NoRel[0.0226]  Temporal[0.0423]  Contingency[0.1473]  Expansion
Comparison[0.0283]  EntRel[0.4865]  Expansion[0.4109]  NoRel[0.0024]  Temporal[0.0105]  Contingency[0.0614]  EntRel
Comparison[0.0718]  EntRel[0.7796]  Expansion[0.1095]  NoRel[0.0157]  Temporal[0.0171]  Contingency[0.0063]  EntRel
Comparison[0.0202]  EntRel[0.7433]  Expansion[0.1819]  NoRel[0.0464]  Temporal[0.0057]  Contingency[0.0025]  EntRel
Comparison[0.1929]  EntRel[0.4078]  Expansion[0.3434]  NoRel[0.0133]  Temporal[0.0052]  Contingency[0.0373]  EntRel
Comparison[0.0972]  EntRel[0.2749]  Expansion[0.5351]  NoRel[0.0667]  Temporal[0.0085]  Contingency[0.0177]  Expansion
