Comparison[0.0417]  EntRel[0.5480]  Expansion[0.3620]  NoRel[0.0081]  Temporal[0.0113]  Contingency[0.0288]  EntRel
Comparison[0.0479]  EntRel[0.1489]  Expansion[0.6709]  NoRel[0.0212]  Temporal[0.0175]  Contingency[0.0935]  Expansion
Comparison[0.0636]  EntRel[0.5459]  Expansion[0.1658]  NoRel[0.0671]  Temporal[0.0728]  Contingency[0.0848]  EntRel
Comparison[0.0998]  EntRel[0.3843]  Expansion[0.3894]  NoRel[0.0145]  Temporal[0.0602]  Contingency[0.0518]  Expansion
Comparison[0.0431]  EntRel[0.6809]  Expansion[0.1832]  NoRel[0.0095]  Temporal[0.0456]  Contingency[0.0377]  EntRel
Comparison[0.2282]  EntRel[0.4029]  Expansion[0.2759]  NoRel[0.0064]  Temporal[0.0364]  Contingency[0.0501]  EntRel
Comparison[0.1553]  EntRel[0.3623]  Expansion[0.2614]  NoRel[0.0071]  Temporal[0.1415]  Contingency[0.0725]  EntRel
Comparison[0.0415]  EntRel[0.2849]  Expansion[0.3818]  NoRel[0.0430]  Temporal[0.0893]  Contingency[0.1595]  Expansion
Comparison[0.1618]  EntRel[0.3465]  Expansion[0.2996]  NoRel[0.0107]  Temporal[0.0976]  Contingency[0.0837]  EntRel
Comparison[0.0727]  EntRel[0.4936]  Expansion[0.3042]  NoRel[0.0045]  Temporal[0.0092]  Contingency[0.1158]  EntRel
Comparison[0.0495]  EntRel[0.2702]  Expansion[0.4885]  NoRel[0.1451]  Temporal[0.0043]  Contingency[0.0425]  Expansion
Comparison[0.0774]  EntRel[0.3797]  Expansion[0.3068]  NoRel[0.0211]  Temporal[0.0143]  Contingency[0.2008]  EntRel
Comparison[0.1274]  EntRel[0.2234]  Expansion[0.3611]  NoRel[0.0121]  Temporal[0.0617]  Contingency[0.2144]  Expansion
Comparison[0.0321]  EntRel[0.5076]  Expansion[0.4240]  NoRel[0.0037]  Temporal[0.0262]  Contingency[0.0064]  EntRel
Comparison[0.0333]  EntRel[0.8433]  Expansion[0.1060]  NoRel[0.0092]  Temporal[0.0066]  Contingency[0.0016]  EntRel
Comparison[0.0525]  EntRel[0.5771]  Expansion[0.2806]  NoRel[0.0394]  Temporal[0.0106]  Contingency[0.0397]  EntRel
Comparison[0.0661]  EntRel[0.1755]  Expansion[0.2870]  NoRel[0.0084]  Temporal[0.0414]  Contingency[0.4215]  Contingency
Comparison[0.1295]  EntRel[0.1933]  Expansion[0.5603]  NoRel[0.0036]  Temporal[0.0363]  Contingency[0.0769]  Expansion
Comparison[0.0735]  EntRel[0.5172]  Expansion[0.3897]  NoRel[0.0072]  Temporal[0.0070]  Contingency[0.0055]  EntRel
Comparison[0.0733]  EntRel[0.5692]  Expansion[0.2665]  NoRel[0.0354]  Temporal[0.0238]  Contingency[0.0318]  EntRel
Comparison[0.1493]  EntRel[0.2966]  Expansion[0.2682]  NoRel[0.0167]  Temporal[0.0707]  Contingency[0.1984]  EntRel
Comparison[0.1058]  EntRel[0.1842]  Expansion[0.3547]  NoRel[0.0409]  Temporal[0.0953]  Contingency[0.2191]  Expansion
Comparison[0.1673]  EntRel[0.2413]  Expansion[0.2574]  NoRel[0.0048]  Temporal[0.0591]  Contingency[0.2701]  Contingency
Comparison[0.1272]  EntRel[0.3353]  Expansion[0.4157]  NoRel[0.0019]  Temporal[0.0380]  Contingency[0.0819]  Expansion
Comparison[0.1061]  EntRel[0.6715]  Expansion[0.1835]  NoRel[0.0073]  Temporal[0.0089]  Contingency[0.0228]  EntRel
Comparison[0.0771]  EntRel[0.2262]  Expansion[0.5951]  NoRel[0.0031]  Temporal[0.0082]  Contingency[0.0903]  Expansion
Comparison[0.4202]  EntRel[0.0516]  Expansion[0.3856]  NoRel[0.0011]  Temporal[0.1297]  Contingency[0.0117]  Comparison
Comparison[0.0582]  EntRel[0.5559]  Expansion[0.3586]  NoRel[0.0024]  Temporal[0.0057]  Contingency[0.0192]  EntRel
Comparison[0.0716]  EntRel[0.1206]  Expansion[0.2997]  NoRel[0.0008]  Temporal[0.0119]  Contingency[0.4954]  Contingency
Comparison[0.0625]  EntRel[0.3983]  Expansion[0.5168]  NoRel[0.0010]  Temporal[0.0026]  Contingency[0.0189]  Expansion
Comparison[0.0378]  EntRel[0.6716]  Expansion[0.1885]  NoRel[0.0430]  Temporal[0.0428]  Contingency[0.0164]  EntRel
Comparison[0.1160]  EntRel[0.3850]  Expansion[0.3340]  NoRel[0.0400]  Temporal[0.0612]  Contingency[0.0638]  EntRel
Comparison[0.1607]  EntRel[0.2926]  Expansion[0.3706]  NoRel[0.0194]  Temporal[0.0436]  Contingency[0.1130]  Expansion
Comparison[0.0326]  EntRel[0.4518]  Expansion[0.3945]  NoRel[0.0591]  Temporal[0.0208]  Contingency[0.0412]  EntRel
Comparison[0.0646]  EntRel[0.5701]  Expansion[0.2895]  NoRel[0.0333]  Temporal[0.0178]  Contingency[0.0246]  EntRel
Comparison[0.2820]  EntRel[0.1400]  Expansion[0.5144]  NoRel[0.0030]  Temporal[0.0334]  Contingency[0.0273]  Expansion
Comparison[0.1474]  EntRel[0.1743]  Expansion[0.3733]  NoRel[0.0011]  Temporal[0.0085]  Contingency[0.2954]  Expansion
Comparison[0.0727]  EntRel[0.0385]  Expansion[0.3483]  NoRel[0.0022]  Temporal[0.0085]  Contingency[0.5298]  Contingency
Comparison[0.1076]  EntRel[0.2399]  Expansion[0.3275]  NoRel[0.0012]  Temporal[0.0400]  Contingency[0.2837]  Expansion
Comparison[0.0334]  EntRel[0.5201]  Expansion[0.4062]  NoRel[0.0041]  Temporal[0.0209]  Contingency[0.0153]  EntRel
Comparison[0.2484]  EntRel[0.1153]  Expansion[0.2656]  NoRel[0.0326]  Temporal[0.0953]  Contingency[0.2427]  Expansion
Comparison[0.1553]  EntRel[0.2378]  Expansion[0.2984]  NoRel[0.0148]  Temporal[0.0477]  Contingency[0.2460]  Expansion
Comparison[0.1515]  EntRel[0.5835]  Expansion[0.1363]  NoRel[0.0087]  Temporal[0.0202]  Contingency[0.0998]  EntRel
Comparison[0.1848]  EntRel[0.1728]  Expansion[0.3841]  NoRel[0.0043]  Temporal[0.0096]  Contingency[0.2445]  Expansion
Comparison[0.0938]  EntRel[0.2273]  Expansion[0.4228]  NoRel[0.0115]  Temporal[0.0261]  Contingency[0.2185]  Expansion
Comparison[0.0694]  EntRel[0.3121]  Expansion[0.3797]  NoRel[0.0165]  Temporal[0.0455]  Contingency[0.1767]  Expansion
Comparison[0.1767]  EntRel[0.3260]  Expansion[0.3559]  NoRel[0.0464]  Temporal[0.0200]  Contingency[0.0750]  Expansion
Comparison[0.1669]  EntRel[0.2117]  Expansion[0.4160]  NoRel[0.0242]  Temporal[0.0503]  Contingency[0.1310]  Expansion
Comparison[0.1201]  EntRel[0.3575]  Expansion[0.4326]  NoRel[0.0182]  Temporal[0.0534]  Contingency[0.0182]  Expansion
Comparison[0.0630]  EntRel[0.6349]  Expansion[0.2036]  NoRel[0.0634]  Temporal[0.0199]  Contingency[0.0152]  EntRel
Comparison[0.1305]  EntRel[0.2772]  Expansion[0.3442]  NoRel[0.0017]  Temporal[0.0171]  Contingency[0.2293]  Expansion
Comparison[0.1227]  EntRel[0.2386]  Expansion[0.5655]  NoRel[0.0010]  Temporal[0.0073]  Contingency[0.0649]  Expansion
Comparison[0.0850]  EntRel[0.0712]  Expansion[0.4305]  NoRel[0.0031]  Temporal[0.0100]  Contingency[0.4003]  Expansion
Comparison[0.1226]  EntRel[0.1570]  Expansion[0.4593]  NoRel[0.0038]  Temporal[0.0265]  Contingency[0.2307]  Expansion
Comparison[0.1706]  EntRel[0.1792]  Expansion[0.5388]  NoRel[0.0036]  Temporal[0.0828]  Contingency[0.0251]  Expansion
