Expansion[0.0180]  Contingency[0.9711]  Comparison[0.0059]  Temporal[0.0049]  Contingency
Expansion[0.1760]  Contingency[0.0167]  Comparison[0.6248]  Temporal[0.1826]  Comparison
Expansion[0.0038]  Contingency[0.8748]  Comparison[0.0113]  Temporal[0.1101]  Contingency
Expansion[0.9904]  Contingency[0.0023]  Comparison[0.0072]  Temporal[0.0001]  Expansion
Expansion[0.9901]  Contingency[0.0074]  Comparison[0.0013]  Temporal[0.0012]  Expansion
Expansion[0.0002]  Contingency[0.2168]  Comparison[0.0213]  Temporal[0.7617]  Temporal
Expansion[0.0321]  Contingency[0.0006]  Comparison[0.9655]  Temporal[0.0017]  Comparison
Expansion[0.9944]  Contingency[0.0005]  Comparison[0.0041]  Temporal[0.0010]  Expansion
Expansion[0.0002]  Contingency[0.2168]  Comparison[0.0213]  Temporal[0.7617]  Temporal
Expansion[0.9904]  Contingency[0.0023]  Comparison[0.0072]  Temporal[0.0001]  Expansion
Expansion[0.9069]  Contingency[0.0765]  Comparison[0.0079]  Temporal[0.0087]  Expansion
Expansion[0.9723]  Contingency[0.0167]  Comparison[0.0018]  Temporal[0.0092]  Expansion
Expansion[0.0060]  Contingency[0.9507]  Comparison[0.0178]  Temporal[0.0254]  Contingency
Expansion[0.0003]  Contingency[0.4964]  Comparison[0.0011]  Temporal[0.5022]  Temporal
Expansion[0.9643]  Contingency[0.0017]  Comparison[0.0140]  Temporal[0.0199]  Expansion
Expansion[0.9470]  Contingency[0.0043]  Comparison[0.0376]  Temporal[0.0111]  Expansion
Expansion[0.9723]  Contingency[0.0167]  Comparison[0.0018]  Temporal[0.0092]  Expansion
Expansion[0.0002]  Contingency[0.2589]  Comparison[0.0009]  Temporal[0.7399]  Temporal
Expansion[0.0008]  Contingency[0.0054]  Comparison[0.9799]  Temporal[0.0138]  Comparison
