Comparison[0.0799]  EntRel[0.0535]  Expansion[0.2993]  NoRel[0.0012]  Temporal[0.0308]  Contingency[0.5353]  Contingency
Comparison[0.1031]  EntRel[0.1348]  Expansion[0.4139]  NoRel[0.0027]  Temporal[0.0262]  Contingency[0.3194]  Expansion
Comparison[0.1269]  EntRel[0.1682]  Expansion[0.2587]  NoRel[0.0353]  Temporal[0.0372]  Contingency[0.3737]  Contingency
Comparison[0.0760]  EntRel[0.3503]  Expansion[0.2705]  NoRel[0.0133]  Temporal[0.0294]  Contingency[0.2605]  EntRel
Comparison[0.0891]  EntRel[0.2140]  Expansion[0.3782]  NoRel[0.0105]  Temporal[0.0216]  Contingency[0.2866]  Expansion
Comparison[0.0925]  EntRel[0.2329]  Expansion[0.3982]  NoRel[0.0006]  Temporal[0.0126]  Contingency[0.2632]  Expansion
Comparison[0.0874]  EntRel[0.1151]  Expansion[0.4969]  NoRel[0.0009]  Temporal[0.0670]  Contingency[0.2327]  Expansion
Comparison[0.1191]  EntRel[0.0829]  Expansion[0.5456]  NoRel[0.0014]  Temporal[0.0285]  Contingency[0.2226]  Expansion
Comparison[0.1198]  EntRel[0.1774]  Expansion[0.2937]  NoRel[0.0229]  Temporal[0.0358]  Contingency[0.3503]  Contingency
Comparison[0.1127]  EntRel[0.1210]  Expansion[0.3814]  NoRel[0.0206]  Temporal[0.0405]  Contingency[0.3237]  Expansion
Comparison[0.1224]  EntRel[0.2851]  Expansion[0.2117]  NoRel[0.0572]  Temporal[0.0887]  Contingency[0.2350]  EntRel
Comparison[0.1225]  EntRel[0.2071]  Expansion[0.2735]  NoRel[0.0401]  Temporal[0.1355]  Contingency[0.2214]  Expansion
Comparison[0.1505]  EntRel[0.1800]  Expansion[0.2114]  NoRel[0.0336]  Temporal[0.2326]  Contingency[0.1919]  Temporal
Comparison[0.1415]  EntRel[0.1694]  Expansion[0.2998]  NoRel[0.0560]  Temporal[0.1041]  Contingency[0.2292]  Expansion
Comparison[0.1022]  EntRel[0.1347]  Expansion[0.3581]  NoRel[0.0020]  Temporal[0.0256]  Contingency[0.3775]  Contingency
Comparison[0.0741]  EntRel[0.0968]  Expansion[0.4915]  NoRel[0.0072]  Temporal[0.0171]  Contingency[0.3134]  Expansion
Comparison[0.1928]  EntRel[0.4124]  Expansion[0.2631]  NoRel[0.0192]  Temporal[0.0203]  Contingency[0.0922]  EntRel
Comparison[0.0792]  EntRel[0.2075]  Expansion[0.2989]  NoRel[0.0065]  Temporal[0.0233]  Contingency[0.3846]  Contingency
Comparison[0.3023]  EntRel[0.1518]  Expansion[0.2361]  NoRel[0.0310]  Temporal[0.1400]  Contingency[0.1388]  Comparison
