Comparison[0.1486]  EntRel[0.2602]  Expansion[0.3925]  NoRel[0.0193]  Temporal[0.0492]  Contingency[0.1300]  Expansion
Comparison[0.1568]  EntRel[0.1486]  Expansion[0.2649]  NoRel[0.0120]  Temporal[0.0613]  Contingency[0.3563]  Contingency
Comparison[0.0652]  EntRel[0.2045]  Expansion[0.4779]  NoRel[0.0086]  Temporal[0.0049]  Contingency[0.2389]  Expansion
Comparison[0.0503]  EntRel[0.6105]  Expansion[0.3112]  NoRel[0.0028]  Temporal[0.0156]  Contingency[0.0097]  EntRel
Comparison[0.1112]  EntRel[0.1214]  Expansion[0.3856]  NoRel[0.0171]  Temporal[0.1025]  Contingency[0.2623]  Expansion
Comparison[0.1371]  EntRel[0.2862]  Expansion[0.3160]  NoRel[0.0226]  Temporal[0.0541]  Contingency[0.1840]  Expansion
Comparison[0.0195]  EntRel[0.8053]  Expansion[0.0939]  NoRel[0.0036]  Temporal[0.0528]  Contingency[0.0250]  EntRel
Comparison[0.0823]  EntRel[0.2687]  Expansion[0.3655]  NoRel[0.0325]  Temporal[0.1210]  Contingency[0.1300]  Expansion
Comparison[0.1493]  EntRel[0.3786]  Expansion[0.2473]  NoRel[0.0074]  Temporal[0.1079]  Contingency[0.1094]  EntRel
Comparison[0.0843]  EntRel[0.6285]  Expansion[0.1972]  NoRel[0.0088]  Temporal[0.0648]  Contingency[0.0163]  EntRel
Comparison[0.1377]  EntRel[0.1764]  Expansion[0.3466]  NoRel[0.0145]  Temporal[0.0949]  Contingency[0.2299]  Expansion
Comparison[0.0692]  EntRel[0.2153]  Expansion[0.4756]  NoRel[0.0020]  Temporal[0.1505]  Contingency[0.0873]  Expansion
Comparison[0.1441]  EntRel[0.3764]  Expansion[0.3164]  NoRel[0.0209]  Temporal[0.0657]  Contingency[0.0765]  EntRel
Comparison[0.2732]  EntRel[0.1343]  Expansion[0.2950]  NoRel[0.0102]  Temporal[0.0613]  Contingency[0.2260]  Expansion
Comparison[0.1725]  EntRel[0.2113]  Expansion[0.3024]  NoRel[0.0474]  Temporal[0.0978]  Contingency[0.1687]  Expansion
Comparison[0.0585]  EntRel[0.5657]  Expansion[0.2407]  NoRel[0.0337]  Temporal[0.0324]  Contingency[0.0690]  EntRel
Comparison[0.0246]  EntRel[0.6562]  Expansion[0.2095]  NoRel[0.0459]  Temporal[0.0348]  Contingency[0.0291]  EntRel
Comparison[0.0591]  EntRel[0.1464]  Expansion[0.6277]  NoRel[0.0012]  Temporal[0.0093]  Contingency[0.1562]  Expansion
Comparison[0.1047]  EntRel[0.1748]  Expansion[0.4863]  NoRel[0.0023]  Temporal[0.0051]  Contingency[0.2268]  Expansion
Comparison[0.0731]  EntRel[0.4070]  Expansion[0.3295]  NoRel[0.0298]  Temporal[0.0462]  Contingency[0.1144]  EntRel
Comparison[0.1392]  EntRel[0.2228]  Expansion[0.3250]  NoRel[0.0047]  Temporal[0.0442]  Contingency[0.2641]  Expansion
Comparison[0.1562]  EntRel[0.1600]  Expansion[0.3683]  NoRel[0.0688]  Temporal[0.0869]  Contingency[0.1598]  Expansion
Comparison[0.1020]  EntRel[0.2001]  Expansion[0.4218]  NoRel[0.0074]  Temporal[0.0234]  Contingency[0.2452]  Expansion
Comparison[0.0764]  EntRel[0.4918]  Expansion[0.4005]  NoRel[0.0012]  Temporal[0.0100]  Contingency[0.0202]  EntRel
Comparison[0.0950]  EntRel[0.4665]  Expansion[0.2828]  NoRel[0.0293]  Temporal[0.0796]  Contingency[0.0469]  EntRel
Comparison[0.1460]  EntRel[0.1855]  Expansion[0.2370]  NoRel[0.0360]  Temporal[0.1225]  Contingency[0.2729]  Contingency
Comparison[0.0914]  EntRel[0.1679]  Expansion[0.4695]  NoRel[0.0155]  Temporal[0.0354]  Contingency[0.2203]  Expansion
Comparison[0.1496]  EntRel[0.1833]  Expansion[0.3274]  NoRel[0.0128]  Temporal[0.0279]  Contingency[0.2991]  Expansion
Comparison[0.1003]  EntRel[0.1356]  Expansion[0.5483]  NoRel[0.0073]  Temporal[0.0132]  Contingency[0.1953]  Expansion
Comparison[0.1490]  EntRel[0.1848]  Expansion[0.3830]  NoRel[0.0099]  Temporal[0.0363]  Contingency[0.2370]  Expansion
Comparison[0.0682]  EntRel[0.0621]  Expansion[0.5500]  NoRel[0.0002]  Temporal[0.0214]  Contingency[0.2981]  Expansion
Comparison[0.2184]  EntRel[0.1365]  Expansion[0.3587]  NoRel[0.0006]  Temporal[0.0113]  Contingency[0.2745]  Expansion
Comparison[0.1014]  EntRel[0.3863]  Expansion[0.3279]  NoRel[0.0088]  Temporal[0.0148]  Contingency[0.1609]  EntRel
Comparison[0.0391]  EntRel[0.4116]  Expansion[0.4541]  NoRel[0.0053]  Temporal[0.0214]  Contingency[0.0685]  Expansion
Comparison[0.1201]  EntRel[0.2965]  Expansion[0.4018]  NoRel[0.0027]  Temporal[0.0040]  Contingency[0.1749]  Expansion
Comparison[0.0926]  EntRel[0.2028]  Expansion[0.5749]  NoRel[0.0056]  Temporal[0.0460]  Contingency[0.0780]  Expansion
Comparison[0.0826]  EntRel[0.3912]  Expansion[0.2706]  NoRel[0.0614]  Temporal[0.0620]  Contingency[0.1321]  EntRel
Comparison[0.0645]  EntRel[0.2451]  Expansion[0.2392]  NoRel[0.0179]  Temporal[0.2077]  Contingency[0.2256]  EntRel
Comparison[0.1090]  EntRel[0.1302]  Expansion[0.4013]  NoRel[0.0166]  Temporal[0.0937]  Contingency[0.2492]  Expansion
Comparison[0.3433]  EntRel[0.1167]  Expansion[0.1636]  NoRel[0.0896]  Temporal[0.1000]  Contingency[0.1868]  Comparison
Comparison[0.1346]  EntRel[0.1659]  Expansion[0.3619]  NoRel[0.0323]  Temporal[0.0837]  Contingency[0.2217]  Expansion
Comparison[0.1051]  EntRel[0.1037]  Expansion[0.4967]  NoRel[0.0040]  Temporal[0.1166]  Contingency[0.1740]  Expansion
Comparison[0.0995]  EntRel[0.1705]  Expansion[0.5422]  NoRel[0.0027]  Temporal[0.0081]  Contingency[0.1770]  Expansion
Comparison[0.1683]  EntRel[0.3982]  Expansion[0.2949]  NoRel[0.0616]  Temporal[0.0170]  Contingency[0.0599]  EntRel
Comparison[0.1093]  EntRel[0.2471]  Expansion[0.5680]  NoRel[0.0074]  Temporal[0.0326]  Contingency[0.0355]  Expansion
Comparison[0.0556]  EntRel[0.4417]  Expansion[0.3419]  NoRel[0.0698]  Temporal[0.0364]  Contingency[0.0547]  EntRel
Comparison[0.1504]  EntRel[0.4602]  Expansion[0.3085]  NoRel[0.0112]  Temporal[0.0124]  Contingency[0.0574]  EntRel
Comparison[0.1607]  EntRel[0.1686]  Expansion[0.2585]  NoRel[0.0020]  Temporal[0.1280]  Contingency[0.2821]  Contingency
Comparison[0.0881]  EntRel[0.1457]  Expansion[0.3474]  NoRel[0.0185]  Temporal[0.0205]  Contingency[0.3799]  Contingency
Comparison[0.1645]  EntRel[0.2831]  Expansion[0.2994]  NoRel[0.0037]  Temporal[0.0356]  Contingency[0.2137]  Expansion
Comparison[0.0907]  EntRel[0.4476]  Expansion[0.4278]  NoRel[0.0022]  Temporal[0.0102]  Contingency[0.0215]  EntRel
Comparison[0.0980]  EntRel[0.5546]  Expansion[0.1872]  NoRel[0.1065]  Temporal[0.0374]  Contingency[0.0163]  EntRel
Comparison[0.1050]  EntRel[0.2226]  Expansion[0.4841]  NoRel[0.0072]  Temporal[0.0694]  Contingency[0.1117]  Expansion
Comparison[0.1475]  EntRel[0.1287]  Expansion[0.4777]  NoRel[0.0069]  Temporal[0.0566]  Contingency[0.1825]  Expansion
Comparison[0.1186]  EntRel[0.2602]  Expansion[0.4812]  NoRel[0.0252]  Temporal[0.0465]  Contingency[0.0683]  Expansion
Comparison[0.0548]  EntRel[0.6875]  Expansion[0.1817]  NoRel[0.0227]  Temporal[0.0255]  Contingency[0.0277]  EntRel
Comparison[0.0706]  EntRel[0.4537]  Expansion[0.3833]  NoRel[0.0153]  Temporal[0.0075]  Contingency[0.0696]  EntRel
Comparison[0.1204]  EntRel[0.2801]  Expansion[0.2975]  NoRel[0.1529]  Temporal[0.0618]  Contingency[0.0873]  Expansion
