Comparison[0.1664]  EntRel[0.1470]  Expansion[0.4166]  NoRel[0.0115]  Temporal[0.0416]  Contingency[0.2169]  Expansion
Comparison[0.1574]  EntRel[0.0950]  Expansion[0.2826]  NoRel[0.1217]  Temporal[0.0493]  Contingency[0.2940]  Contingency
Comparison[0.0937]  EntRel[0.1586]  Expansion[0.3070]  NoRel[0.0358]  Temporal[0.0929]  Contingency[0.3121]  Contingency
Comparison[0.0342]  EntRel[0.5121]  Expansion[0.4013]  NoRel[0.0097]  Temporal[0.0231]  Contingency[0.0196]  EntRel
Comparison[0.0674]  EntRel[0.5452]  Expansion[0.1937]  NoRel[0.0738]  Temporal[0.0966]  Contingency[0.0232]  EntRel
Comparison[0.1732]  EntRel[0.1718]  Expansion[0.2806]  NoRel[0.0144]  Temporal[0.0557]  Contingency[0.3044]  Contingency
Comparison[0.2575]  EntRel[0.1265]  Expansion[0.2057]  NoRel[0.0223]  Temporal[0.0803]  Contingency[0.3077]  Contingency
Comparison[0.0940]  EntRel[0.4869]  Expansion[0.2131]  NoRel[0.1066]  Temporal[0.0488]  Contingency[0.0506]  EntRel
Comparison[0.0810]  EntRel[0.3880]  Expansion[0.4937]  NoRel[0.0081]  Temporal[0.0251]  Contingency[0.0040]  Expansion
Comparison[0.0177]  EntRel[0.8097]  Expansion[0.0858]  NoRel[0.0704]  Temporal[0.0140]  Contingency[0.0025]  EntRel
Comparison[0.1666]  EntRel[0.2803]  Expansion[0.3560]  NoRel[0.0396]  Temporal[0.0169]  Contingency[0.1406]  Expansion
Comparison[0.2566]  EntRel[0.2641]  Expansion[0.2013]  NoRel[0.0590]  Temporal[0.0517]  Contingency[0.1674]  EntRel
Comparison[0.2033]  EntRel[0.2227]  Expansion[0.3020]  NoRel[0.0087]  Temporal[0.0947]  Contingency[0.1687]  Expansion
Comparison[0.0455]  EntRel[0.5663]  Expansion[0.2688]  NoRel[0.0314]  Temporal[0.0737]  Contingency[0.0144]  EntRel
Comparison[0.1089]  EntRel[0.5849]  Expansion[0.2242]  NoRel[0.0409]  Temporal[0.0126]  Contingency[0.0286]  EntRel
Comparison[0.0717]  EntRel[0.4072]  Expansion[0.4177]  NoRel[0.0193]  Temporal[0.0475]  Contingency[0.0366]  Expansion
Comparison[0.2209]  EntRel[0.1943]  Expansion[0.4289]  NoRel[0.0060]  Temporal[0.0185]  Contingency[0.1314]  Expansion
Comparison[0.1345]  EntRel[0.2385]  Expansion[0.3599]  NoRel[0.0229]  Temporal[0.0777]  Contingency[0.1666]  Expansion
Comparison[0.1228]  EntRel[0.4378]  Expansion[0.2222]  NoRel[0.0401]  Temporal[0.1096]  Contingency[0.0677]  EntRel
Comparison[0.1786]  EntRel[0.6598]  Expansion[0.1097]  NoRel[0.0098]  Temporal[0.0116]  Contingency[0.0304]  EntRel
Comparison[0.1172]  EntRel[0.3438]  Expansion[0.3744]  NoRel[0.0099]  Temporal[0.0369]  Contingency[0.1177]  Expansion
Comparison[0.1202]  EntRel[0.2258]  Expansion[0.3461]  NoRel[0.0034]  Temporal[0.0465]  Contingency[0.2580]  Expansion
Comparison[0.1721]  EntRel[0.1632]  Expansion[0.2505]  NoRel[0.0143]  Temporal[0.0361]  Contingency[0.3636]  Contingency
Comparison[0.1492]  EntRel[0.2494]  Expansion[0.3873]  NoRel[0.0150]  Temporal[0.0581]  Contingency[0.1409]  Expansion
Comparison[0.0691]  EntRel[0.3610]  Expansion[0.4129]  NoRel[0.0100]  Temporal[0.0595]  Contingency[0.0875]  Expansion
Comparison[0.0529]  EntRel[0.5050]  Expansion[0.1899]  NoRel[0.1666]  Temporal[0.0692]  Contingency[0.0165]  EntRel
Comparison[0.0851]  EntRel[0.4314]  Expansion[0.2130]  NoRel[0.0871]  Temporal[0.0679]  Contingency[0.1155]  EntRel
Comparison[0.1210]  EntRel[0.2740]  Expansion[0.3332]  NoRel[0.0088]  Temporal[0.0893]  Contingency[0.1738]  Expansion
Comparison[0.0759]  EntRel[0.3075]  Expansion[0.4625]  NoRel[0.0227]  Temporal[0.0176]  Contingency[0.1139]  Expansion
Comparison[0.0878]  EntRel[0.6029]  Expansion[0.2392]  NoRel[0.0156]  Temporal[0.0434]  Contingency[0.0111]  EntRel
Comparison[0.0388]  EntRel[0.8339]  Expansion[0.0797]  NoRel[0.0231]  Temporal[0.0158]  Contingency[0.0087]  EntRel
Comparison[0.1863]  EntRel[0.1954]  Expansion[0.3436]  NoRel[0.0465]  Temporal[0.0663]  Contingency[0.1618]  Expansion
Comparison[0.1816]  EntRel[0.1458]  Expansion[0.4110]  NoRel[0.0118]  Temporal[0.0489]  Contingency[0.2010]  Expansion
Comparison[0.1680]  EntRel[0.0976]  Expansion[0.4985]  NoRel[0.0117]  Temporal[0.0263]  Contingency[0.1979]  Expansion
Comparison[0.0632]  EntRel[0.3863]  Expansion[0.3724]  NoRel[0.0307]  Temporal[0.0296]  Contingency[0.1177]  EntRel
Comparison[0.0924]  EntRel[0.6232]  Expansion[0.1735]  NoRel[0.0446]  Temporal[0.0196]  Contingency[0.0466]  EntRel
Comparison[0.0999]  EntRel[0.5208]  Expansion[0.2923]  NoRel[0.0098]  Temporal[0.0293]  Contingency[0.0478]  EntRel
Comparison[0.1182]  EntRel[0.3786]  Expansion[0.3391]  NoRel[0.0513]  Temporal[0.0239]  Contingency[0.0888]  EntRel
Comparison[0.1181]  EntRel[0.2587]  Expansion[0.3465]  NoRel[0.0753]  Temporal[0.0805]  Contingency[0.1210]  Expansion
Comparison[0.0825]  EntRel[0.3026]  Expansion[0.3820]  NoRel[0.0251]  Temporal[0.0316]  Contingency[0.1762]  Expansion
Comparison[0.0806]  EntRel[0.2710]  Expansion[0.3833]  NoRel[0.0023]  Temporal[0.0180]  Contingency[0.2449]  Expansion
Comparison[0.1300]  EntRel[0.2163]  Expansion[0.2535]  NoRel[0.0197]  Temporal[0.0263]  Contingency[0.3543]  Contingency
Comparison[0.0670]  EntRel[0.3332]  Expansion[0.4949]  NoRel[0.0261]  Temporal[0.0556]  Contingency[0.0233]  Expansion
Comparison[0.0507]  EntRel[0.7109]  Expansion[0.2029]  NoRel[0.0189]  Temporal[0.0104]  Contingency[0.0063]  EntRel
Comparison[0.1877]  EntRel[0.2441]  Expansion[0.4618]  NoRel[0.0161]  Temporal[0.0108]  Contingency[0.0796]  Expansion
Comparison[0.0852]  EntRel[0.2532]  Expansion[0.3905]  NoRel[0.0256]  Temporal[0.0974]  Contingency[0.1482]  Expansion
Comparison[0.0657]  EntRel[0.4655]  Expansion[0.3795]  NoRel[0.0055]  Temporal[0.0427]  Contingency[0.0411]  EntRel
Comparison[0.1759]  EntRel[0.3479]  Expansion[0.3017]  NoRel[0.0126]  Temporal[0.0775]  Contingency[0.0845]  EntRel
Comparison[0.0372]  EntRel[0.3027]  Expansion[0.4293]  NoRel[0.0508]  Temporal[0.0462]  Contingency[0.1337]  Expansion
Comparison[0.0766]  EntRel[0.6172]  Expansion[0.2423]  NoRel[0.0053]  Temporal[0.0229]  Contingency[0.0357]  EntRel
Comparison[0.1766]  EntRel[0.2105]  Expansion[0.3548]  NoRel[0.0293]  Temporal[0.0435]  Contingency[0.1853]  Expansion
Comparison[0.1174]  EntRel[0.2500]  Expansion[0.2441]  NoRel[0.0726]  Temporal[0.1367]  Contingency[0.1792]  EntRel
Comparison[0.0760]  EntRel[0.2952]  Expansion[0.3713]  NoRel[0.1095]  Temporal[0.0479]  Contingency[0.1002]  Expansion
