Expansion[0.0067]  Contingency[0.0149]  Comparison[0.9683]  Temporal[0.0100]  Comparison
Expansion[0.0001]  Contingency[0.4915]  Comparison[0.0130]  Temporal[0.4954]  Temporal
Expansion[0.0002]  Contingency[0.2589]  Comparison[0.0009]  Temporal[0.7399]  Temporal
Expansion[0.9723]  Contingency[0.0167]  Comparison[0.0018]  Temporal[0.0092]  Expansion
Expansion[0.0085]  Contingency[0.0111]  Comparison[0.7957]  Temporal[0.1847]  Comparison
Expansion[0.0060]  Contingency[0.9507]  Comparison[0.0178]  Temporal[0.0254]  Contingency
Expansion[0.0002]  Contingency[0.4399]  Comparison[0.0007]  Temporal[0.5593]  Temporal
Expansion[0.0003]  Contingency[0.9583]  Comparison[0.0021]  Temporal[0.0393]  Contingency
Expansion[0.9069]  Contingency[0.0765]  Comparison[0.0079]  Temporal[0.0087]  Expansion
Expansion[0.0002]  Contingency[0.3073]  Comparison[0.0373]  Temporal[0.6552]  Temporal
Expansion[0.9901]  Contingency[0.0074]  Comparison[0.0013]  Temporal[0.0012]  Expansion
Expansion[0.0321]  Contingency[0.0006]  Comparison[0.9655]  Temporal[0.0017]  Comparison
Expansion[0.0053]  Contingency[0.0773]  Comparison[0.0157]  Temporal[0.9017]  Temporal
Expansion[0.0000]  Contingency[0.0228]  Comparison[0.0002]  Temporal[0.9770]  Temporal
Expansion[0.9670]  Contingency[0.0081]  Comparison[0.0248]  Temporal[0.0002]  Expansion
Expansion[0.0258]  Contingency[0.0012]  Comparison[0.9718]  Temporal[0.0012]  Comparison
Expansion[0.0207]  Contingency[0.0055]  Comparison[0.9718]  Temporal[0.0020]  Comparison
Expansion[0.0010]  Contingency[0.9877]  Comparison[0.0042]  Temporal[0.0070]  Contingency
Expansion[0.9670]  Contingency[0.0081]  Comparison[0.0248]  Temporal[0.0002]  Expansion
Expansion[0.8987]  Contingency[0.0407]  Comparison[0.0202]  Temporal[0.0405]  Expansion
Expansion[0.0003]  Contingency[0.1450]  Comparison[0.0010]  Temporal[0.8537]  Temporal
Expansion[0.0258]  Contingency[0.0012]  Comparison[0.9718]  Temporal[0.0012]  Comparison
Expansion[0.9914]  Contingency[0.0055]  Comparison[0.0010]  Temporal[0.0020]  Expansion
Expansion[0.9904]  Contingency[0.0023]  Comparison[0.0072]  Temporal[0.0001]  Expansion
Expansion[0.0219]  Contingency[0.0024]  Comparison[0.9754]  Temporal[0.0004]  Comparison
