Comparison[0.1072]  EntRel[0.1583]  Expansion[0.4681]  NoRel[0.0279]  Temporal[0.0336]  Contingency[0.2049]  Expansion
Comparison[0.1269]  EntRel[0.0956]  Expansion[0.3649]  NoRel[0.0167]  Temporal[0.0295]  Contingency[0.3665]  Contingency
Comparison[0.0556]  EntRel[0.4247]  Expansion[0.4768]  NoRel[0.0077]  Temporal[0.0123]  Contingency[0.0229]  Expansion
Comparison[0.1273]  EntRel[0.5782]  Expansion[0.1544]  NoRel[0.0453]  Temporal[0.0223]  Contingency[0.0726]  EntRel
Comparison[0.1526]  EntRel[0.1352]  Expansion[0.4626]  NoRel[0.0098]  Temporal[0.0399]  Contingency[0.1999]  Expansion
Comparison[0.0700]  EntRel[0.1147]  Expansion[0.3304]  NoRel[0.0054]  Temporal[0.0687]  Contingency[0.4108]  Contingency
Comparison[0.0382]  EntRel[0.6074]  Expansion[0.2849]  NoRel[0.0057]  Temporal[0.0372]  Contingency[0.0266]  EntRel
Comparison[0.1194]  EntRel[0.3664]  Expansion[0.3257]  NoRel[0.0114]  Temporal[0.0253]  Contingency[0.1519]  EntRel
Comparison[0.2575]  EntRel[0.1265]  Expansion[0.2057]  NoRel[0.0223]  Temporal[0.0803]  Contingency[0.3077]  Contingency
Comparison[0.1525]  EntRel[0.2322]  Expansion[0.3010]  NoRel[0.0510]  Temporal[0.0961]  Contingency[0.1672]  Expansion
Comparison[0.1810]  EntRel[0.2310]  Expansion[0.4082]  NoRel[0.0097]  Temporal[0.0318]  Contingency[0.1382]  Expansion
Comparison[0.1776]  EntRel[0.1516]  Expansion[0.4679]  NoRel[0.0347]  Temporal[0.0632]  Contingency[0.1050]  Expansion
Comparison[0.1219]  EntRel[0.3428]  Expansion[0.3418]  NoRel[0.0328]  Temporal[0.0923]  Contingency[0.0684]  EntRel
Comparison[0.0711]  EntRel[0.6420]  Expansion[0.2054]  NoRel[0.0492]  Temporal[0.0279]  Contingency[0.0044]  EntRel
Comparison[0.1154]  EntRel[0.5120]  Expansion[0.1789]  NoRel[0.1046]  Temporal[0.0530]  Contingency[0.0360]  EntRel
Comparison[0.1387]  EntRel[0.1874]  Expansion[0.2730]  NoRel[0.0945]  Temporal[0.1136]  Contingency[0.1927]  Expansion
Comparison[0.0411]  EntRel[0.4076]  Expansion[0.3219]  NoRel[0.0900]  Temporal[0.0775]  Contingency[0.0619]  EntRel
Comparison[0.0806]  EntRel[0.5585]  Expansion[0.1746]  NoRel[0.0293]  Temporal[0.0367]  Contingency[0.1204]  EntRel
Comparison[0.0964]  EntRel[0.2462]  Expansion[0.3514]  NoRel[0.0179]  Temporal[0.1253]  Contingency[0.1629]  Expansion
Comparison[0.1313]  EntRel[0.2378]  Expansion[0.3065]  NoRel[0.0690]  Temporal[0.1216]  Contingency[0.1338]  Expansion
Comparison[0.1440]  EntRel[0.2327]  Expansion[0.2991]  NoRel[0.0773]  Temporal[0.1125]  Contingency[0.1344]  Expansion
