Comparison[0.1568]  EntRel[0.2050]  Expansion[0.4889]  NoRel[0.0094]  Temporal[0.0132]  Contingency[0.1266]  Expansion
Comparison[0.0861]  EntRel[0.0827]  Expansion[0.3070]  NoRel[0.0525]  Temporal[0.0296]  Contingency[0.4421]  Contingency
Comparison[0.2058]  EntRel[0.2575]  Expansion[0.2695]  NoRel[0.0062]  Temporal[0.0190]  Contingency[0.2420]  Expansion
Comparison[0.0970]  EntRel[0.1606]  Expansion[0.4411]  NoRel[0.0067]  Temporal[0.0320]  Contingency[0.2626]  Expansion
Comparison[0.1649]  EntRel[0.1360]  Expansion[0.4845]  NoRel[0.0021]  Temporal[0.0247]  Contingency[0.1878]  Expansion
Comparison[0.2075]  EntRel[0.1561]  Expansion[0.2595]  NoRel[0.0477]  Temporal[0.0587]  Contingency[0.2705]  Contingency
Comparison[0.0649]  EntRel[0.2645]  Expansion[0.3362]  NoRel[0.1299]  Temporal[0.1013]  Contingency[0.1032]  Expansion
Comparison[0.0848]  EntRel[0.4808]  Expansion[0.2707]  NoRel[0.0045]  Temporal[0.0354]  Contingency[0.1238]  EntRel
Comparison[0.1300]  EntRel[0.2163]  Expansion[0.2535]  NoRel[0.0197]  Temporal[0.0263]  Contingency[0.3543]  Contingency
Comparison[0.1324]  EntRel[0.1354]  Expansion[0.3859]  NoRel[0.0598]  Temporal[0.0275]  Contingency[0.2590]  Expansion
Comparison[0.1413]  EntRel[0.1793]  Expansion[0.2985]  NoRel[0.1269]  Temporal[0.0902]  Contingency[0.1637]  Expansion
Comparison[0.0488]  EntRel[0.3346]  Expansion[0.5282]  NoRel[0.0240]  Temporal[0.0403]  Contingency[0.0240]  Expansion
Comparison[0.1191]  EntRel[0.6055]  Expansion[0.2208]  NoRel[0.0200]  Temporal[0.0139]  Contingency[0.0207]  EntRel
Comparison[0.1375]  EntRel[0.2611]  Expansion[0.3276]  NoRel[0.0704]  Temporal[0.0970]  Contingency[0.1065]  Expansion
Comparison[0.1626]  EntRel[0.3031]  Expansion[0.2553]  NoRel[0.0704]  Temporal[0.1201]  Contingency[0.0884]  EntRel
Comparison[0.1785]  EntRel[0.1647]  Expansion[0.4257]  NoRel[0.0114]  Temporal[0.0360]  Contingency[0.1838]  Expansion
Comparison[0.1223]  EntRel[0.2159]  Expansion[0.4083]  NoRel[0.0041]  Temporal[0.1034]  Contingency[0.1459]  Expansion
Comparison[0.1143]  EntRel[0.3828]  Expansion[0.2351]  NoRel[0.0195]  Temporal[0.0447]  Contingency[0.2036]  EntRel
Comparison[0.0408]  EntRel[0.4536]  Expansion[0.4241]  NoRel[0.0061]  Temporal[0.0308]  Contingency[0.0446]  EntRel
Comparison[0.0726]  EntRel[0.4742]  Expansion[0.2824]  NoRel[0.0720]  Temporal[0.0439]  Contingency[0.0549]  EntRel
Comparison[0.0561]  EntRel[0.4547]  Expansion[0.3228]  NoRel[0.0161]  Temporal[0.0152]  Contingency[0.1351]  EntRel
Comparison[0.1150]  EntRel[0.3176]  Expansion[0.3445]  NoRel[0.0032]  Temporal[0.0651]  Contingency[0.1546]  Expansion
Comparison[0.0628]  EntRel[0.3990]  Expansion[0.4117]  NoRel[0.0179]  Temporal[0.0547]  Contingency[0.0540]  Expansion
Comparison[0.0841]  EntRel[0.6041]  Expansion[0.1874]  NoRel[0.0188]  Temporal[0.0513]  Contingency[0.0542]  EntRel
Comparison[0.1158]  EntRel[0.2648]  Expansion[0.3041]  NoRel[0.0111]  Temporal[0.1868]  Contingency[0.1173]  Expansion
Comparison[0.1443]  EntRel[0.2563]  Expansion[0.2719]  NoRel[0.0308]  Temporal[0.1371]  Contingency[0.1596]  Expansion
Comparison[0.0698]  EntRel[0.4301]  Expansion[0.3610]  NoRel[0.0374]  Temporal[0.0823]  Contingency[0.0194]  EntRel
Comparison[0.0357]  EntRel[0.7531]  Expansion[0.1713]  NoRel[0.0136]  Temporal[0.0171]  Contingency[0.0092]  EntRel
Comparison[0.1364]  EntRel[0.4987]  Expansion[0.3044]  NoRel[0.0139]  Temporal[0.0138]  Contingency[0.0328]  EntRel
Comparison[0.1870]  EntRel[0.1398]  Expansion[0.4240]  NoRel[0.0069]  Temporal[0.0307]  Contingency[0.2116]  Expansion
Comparison[0.1106]  EntRel[0.4695]  Expansion[0.3939]  NoRel[0.0104]  Temporal[0.0069]  Contingency[0.0087]  EntRel
Comparison[0.0201]  EntRel[0.7340]  Expansion[0.1881]  NoRel[0.0375]  Temporal[0.0122]  Contingency[0.0081]  EntRel
Comparison[0.1706]  EntRel[0.3207]  Expansion[0.2638]  NoRel[0.0065]  Temporal[0.0384]  Contingency[0.2000]  EntRel
Comparison[0.2575]  EntRel[0.1265]  Expansion[0.2057]  NoRel[0.0223]  Temporal[0.0803]  Contingency[0.3077]  Contingency
Comparison[0.1512]  EntRel[0.2588]  Expansion[0.3216]  NoRel[0.0448]  Temporal[0.1104]  Contingency[0.1131]  Expansion
Comparison[0.1702]  EntRel[0.1298]  Expansion[0.3138]  NoRel[0.0118]  Temporal[0.0945]  Contingency[0.2799]  Expansion
Comparison[0.1872]  EntRel[0.1673]  Expansion[0.3650]  NoRel[0.0543]  Temporal[0.1152]  Contingency[0.1109]  Expansion
Comparison[0.0792]  EntRel[0.2538]  Expansion[0.5587]  NoRel[0.0129]  Temporal[0.0414]  Contingency[0.0539]  Expansion
Comparison[0.2411]  EntRel[0.4661]  Expansion[0.1396]  NoRel[0.0662]  Temporal[0.0480]  Contingency[0.0390]  EntRel
Comparison[0.1410]  EntRel[0.1984]  Expansion[0.3378]  NoRel[0.0783]  Temporal[0.0773]  Contingency[0.1673]  Expansion
Comparison[0.0904]  EntRel[0.3745]  Expansion[0.3466]  NoRel[0.0192]  Temporal[0.0561]  Contingency[0.1132]  EntRel
Comparison[0.0669]  EntRel[0.6539]  Expansion[0.2423]  NoRel[0.0138]  Temporal[0.0149]  Contingency[0.0082]  EntRel
Comparison[0.0829]  EntRel[0.5148]  Expansion[0.2357]  NoRel[0.0923]  Temporal[0.0208]  Contingency[0.0535]  EntRel
Comparison[0.0813]  EntRel[0.2923]  Expansion[0.3523]  NoRel[0.0532]  Temporal[0.0083]  Contingency[0.2126]  Expansion
Comparison[0.1462]  EntRel[0.1959]  Expansion[0.3319]  NoRel[0.0065]  Temporal[0.0381]  Contingency[0.2815]  Expansion
Comparison[0.1895]  EntRel[0.2720]  Expansion[0.2400]  NoRel[0.0172]  Temporal[0.0357]  Contingency[0.2456]  EntRel
Comparison[0.0668]  EntRel[0.5429]  Expansion[0.3345]  NoRel[0.0243]  Temporal[0.0050]  Contingency[0.0266]  EntRel
Comparison[0.0641]  EntRel[0.6850]  Expansion[0.2042]  NoRel[0.0112]  Temporal[0.0051]  Contingency[0.0305]  EntRel
Comparison[0.0755]  EntRel[0.6283]  Expansion[0.1960]  NoRel[0.0429]  Temporal[0.0355]  Contingency[0.0218]  EntRel
Comparison[0.0575]  EntRel[0.6706]  Expansion[0.2268]  NoRel[0.0036]  Temporal[0.0218]  Contingency[0.0197]  EntRel
Comparison[0.0601]  EntRel[0.5931]  Expansion[0.2363]  NoRel[0.0398]  Temporal[0.0601]  Contingency[0.0106]  EntRel
Comparison[0.0711]  EntRel[0.6420]  Expansion[0.2054]  NoRel[0.0492]  Temporal[0.0279]  Contingency[0.0044]  EntRel
Comparison[0.0878]  EntRel[0.4680]  Expansion[0.2823]  NoRel[0.0650]  Temporal[0.0523]  Contingency[0.0446]  EntRel
Comparison[0.1011]  EntRel[0.1969]  Expansion[0.3497]  NoRel[0.0601]  Temporal[0.1229]  Contingency[0.1693]  Expansion
Comparison[0.1398]  EntRel[0.1613]  Expansion[0.2973]  NoRel[0.0652]  Temporal[0.1102]  Contingency[0.2262]  Expansion
Comparison[0.1055]  EntRel[0.2711]  Expansion[0.2775]  NoRel[0.1024]  Temporal[0.0908]  Contingency[0.1528]  Expansion
Comparison[0.1198]  EntRel[0.2575]  Expansion[0.3822]  NoRel[0.0494]  Temporal[0.0594]  Contingency[0.1318]  Expansion
Comparison[0.1269]  EntRel[0.2848]  Expansion[0.2508]  NoRel[0.0887]  Temporal[0.1015]  Contingency[0.1473]  EntRel
Comparison[0.1054]  EntRel[0.2861]  Expansion[0.2762]  NoRel[0.1250]  Temporal[0.0593]  Contingency[0.1480]  EntRel
Comparison[0.1487]  EntRel[0.2310]  Expansion[0.3272]  NoRel[0.0341]  Temporal[0.0955]  Contingency[0.1635]  Expansion
Comparison[0.1090]  EntRel[0.2890]  Expansion[0.2370]  NoRel[0.0258]  Temporal[0.0654]  Contingency[0.2738]  EntRel
Comparison[0.1903]  EntRel[0.3757]  Expansion[0.2049]  NoRel[0.0362]  Temporal[0.0910]  Contingency[0.1020]  EntRel
Comparison[0.1350]  EntRel[0.2637]  Expansion[0.2458]  NoRel[0.0821]  Temporal[0.1471]  Contingency[0.1264]  EntRel
Comparison[0.1558]  EntRel[0.2899]  Expansion[0.2443]  NoRel[0.0633]  Temporal[0.1382]  Contingency[0.1086]  EntRel
Comparison[0.0919]  EntRel[0.3950]  Expansion[0.2949]  NoRel[0.0426]  Temporal[0.1059]  Contingency[0.0697]  EntRel
Comparison[0.0668]  EntRel[0.3821]  Expansion[0.3618]  NoRel[0.0591]  Temporal[0.0439]  Contingency[0.0863]  EntRel
