Comparison[0.0993]  EntRel[0.2567]  Expansion[0.3635]  NoRel[0.0275]  Temporal[0.0202]  Contingency[0.2327]  Expansion
Comparison[0.1337]  EntRel[0.1724]  Expansion[0.6581]  NoRel[0.0016]  Temporal[0.0053]  Contingency[0.0289]  Expansion
Comparison[0.0503]  EntRel[0.6908]  Expansion[0.2296]  NoRel[0.0106]  Temporal[0.0085]  Contingency[0.0101]  EntRel
Comparison[0.1409]  EntRel[0.1011]  Expansion[0.4156]  NoRel[0.0021]  Temporal[0.0120]  Contingency[0.3284]  Expansion
Comparison[0.0921]  EntRel[0.1484]  Expansion[0.3365]  NoRel[0.0054]  Temporal[0.0226]  Contingency[0.3951]  Contingency
Comparison[0.1332]  EntRel[0.2447]  Expansion[0.2466]  NoRel[0.0594]  Temporal[0.0939]  Contingency[0.2222]  Expansion
Comparison[0.0846]  EntRel[0.1633]  Expansion[0.4463]  NoRel[0.0032]  Temporal[0.0304]  Contingency[0.2721]  Expansion
Comparison[0.0162]  EntRel[0.4289]  Expansion[0.4736]  NoRel[0.0042]  Temporal[0.0101]  Contingency[0.0671]  Expansion
Comparison[0.0792]  EntRel[0.3791]  Expansion[0.5124]  NoRel[0.0016]  Temporal[0.0132]  Contingency[0.0145]  Expansion
Comparison[0.0444]  EntRel[0.6412]  Expansion[0.3003]  NoRel[0.0083]  Temporal[0.0043]  Contingency[0.0015]  EntRel
Comparison[0.0390]  EntRel[0.7060]  Expansion[0.1903]  NoRel[0.0424]  Temporal[0.0145]  Contingency[0.0077]  EntRel
Comparison[0.0761]  EntRel[0.4955]  Expansion[0.2477]  NoRel[0.0097]  Temporal[0.0734]  Contingency[0.0977]  EntRel
Comparison[0.1283]  EntRel[0.2229]  Expansion[0.4165]  NoRel[0.0062]  Temporal[0.0674]  Contingency[0.1586]  Expansion
Comparison[0.1504]  EntRel[0.1676]  Expansion[0.3495]  NoRel[0.0112]  Temporal[0.0307]  Contingency[0.2906]  Expansion
Comparison[0.0771]  EntRel[0.1869]  Expansion[0.5606]  NoRel[0.0078]  Temporal[0.0236]  Contingency[0.1441]  Expansion
Comparison[0.0823]  EntRel[0.2738]  Expansion[0.3539]  NoRel[0.0283]  Temporal[0.0306]  Contingency[0.2310]  Expansion
Comparison[0.1209]  EntRel[0.3151]  Expansion[0.4046]  NoRel[0.0079]  Temporal[0.0240]  Contingency[0.1275]  Expansion
Comparison[0.0639]  EntRel[0.2499]  Expansion[0.3967]  NoRel[0.0127]  Temporal[0.0163]  Contingency[0.2606]  Expansion
Comparison[0.0426]  EntRel[0.5661]  Expansion[0.3595]  NoRel[0.0106]  Temporal[0.0128]  Contingency[0.0084]  EntRel
Comparison[0.1163]  EntRel[0.5234]  Expansion[0.2604]  NoRel[0.0500]  Temporal[0.0309]  Contingency[0.0190]  EntRel
Comparison[0.0527]  EntRel[0.4162]  Expansion[0.3249]  NoRel[0.0295]  Temporal[0.0880]  Contingency[0.0887]  EntRel
Comparison[0.0985]  EntRel[0.3259]  Expansion[0.2310]  NoRel[0.0708]  Temporal[0.0904]  Contingency[0.1833]  EntRel
Comparison[0.1844]  EntRel[0.2137]  Expansion[0.2454]  NoRel[0.0385]  Temporal[0.0487]  Contingency[0.2693]  Contingency
Comparison[0.1168]  EntRel[0.1666]  Expansion[0.3272]  NoRel[0.0389]  Temporal[0.0863]  Contingency[0.2643]  Expansion
Comparison[0.1277]  EntRel[0.1958]  Expansion[0.2779]  NoRel[0.0564]  Temporal[0.0893]  Contingency[0.2529]  Expansion
Comparison[0.2014]  EntRel[0.2516]  Expansion[0.2391]  NoRel[0.0325]  Temporal[0.0811]  Contingency[0.1944]  EntRel
Comparison[0.0599]  EntRel[0.3148]  Expansion[0.2135]  NoRel[0.0254]  Temporal[0.0505]  Contingency[0.3359]  Contingency
Comparison[0.0917]  EntRel[0.4375]  Expansion[0.3356]  NoRel[0.0412]  Temporal[0.0409]  Contingency[0.0530]  EntRel
Comparison[0.0935]  EntRel[0.4684]  Expansion[0.4039]  NoRel[0.0055]  Temporal[0.0167]  Contingency[0.0120]  EntRel
Comparison[0.0500]  EntRel[0.3347]  Expansion[0.4631]  NoRel[0.0110]  Temporal[0.0095]  Contingency[0.1318]  Expansion
Comparison[0.0652]  EntRel[0.5428]  Expansion[0.3335]  NoRel[0.0141]  Temporal[0.0179]  Contingency[0.0265]  EntRel
Comparison[0.0442]  EntRel[0.5872]  Expansion[0.2871]  NoRel[0.0208]  Temporal[0.0468]  Contingency[0.0139]  EntRel
Comparison[0.0746]  EntRel[0.1835]  Expansion[0.4133]  NoRel[0.0069]  Temporal[0.0326]  Contingency[0.2891]  Expansion
Comparison[0.0839]  EntRel[0.1977]  Expansion[0.4508]  NoRel[0.0243]  Temporal[0.0340]  Contingency[0.2092]  Expansion
Comparison[0.0656]  EntRel[0.6126]  Expansion[0.2427]  NoRel[0.0089]  Temporal[0.0254]  Contingency[0.0448]  EntRel
Comparison[0.0759]  EntRel[0.3929]  Expansion[0.3876]  NoRel[0.0168]  Temporal[0.0552]  Contingency[0.0716]  EntRel
Comparison[0.1087]  EntRel[0.4479]  Expansion[0.2229]  NoRel[0.0219]  Temporal[0.0993]  Contingency[0.0995]  EntRel
Comparison[0.1221]  EntRel[0.5126]  Expansion[0.2732]  NoRel[0.0393]  Temporal[0.0410]  Contingency[0.0119]  EntRel
Comparison[0.0845]  EntRel[0.5974]  Expansion[0.2740]  NoRel[0.0247]  Temporal[0.0097]  Contingency[0.0096]  EntRel
