Comparison[0.1159]  EntRel[0.4534]  Expansion[0.3586]  NoRel[0.0044]  Temporal[0.0203]  Contingency[0.0474]  EntRel
Comparison[0.1816]  EntRel[0.3345]  Expansion[0.2303]  NoRel[0.0545]  Temporal[0.0609]  Contingency[0.1382]  EntRel
Comparison[0.0563]  EntRel[0.3837]  Expansion[0.4285]  NoRel[0.0326]  Temporal[0.0333]  Contingency[0.0656]  Expansion
Comparison[0.0541]  EntRel[0.1964]  Expansion[0.6863]  NoRel[0.0548]  Temporal[0.0008]  Contingency[0.0076]  Expansion
Comparison[0.1596]  EntRel[0.2434]  Expansion[0.4807]  NoRel[0.0230]  Temporal[0.0120]  Contingency[0.0813]  Expansion
Comparison[0.0689]  EntRel[0.2799]  Expansion[0.4014]  NoRel[0.0118]  Temporal[0.1021]  Contingency[0.1359]  Expansion
Comparison[0.0489]  EntRel[0.2439]  Expansion[0.5362]  NoRel[0.0266]  Temporal[0.0065]  Contingency[0.1380]  Expansion
Comparison[0.0781]  EntRel[0.6284]  Expansion[0.2792]  NoRel[0.0035]  Temporal[0.0062]  Contingency[0.0046]  EntRel
Comparison[0.0480]  EntRel[0.6427]  Expansion[0.2581]  NoRel[0.0290]  Temporal[0.0149]  Contingency[0.0073]  EntRel
Comparison[0.1375]  EntRel[0.3031]  Expansion[0.3262]  NoRel[0.0850]  Temporal[0.0504]  Contingency[0.0978]  Expansion
Comparison[0.0285]  EntRel[0.3611]  Expansion[0.5615]  NoRel[0.0020]  Temporal[0.0071]  Contingency[0.0397]  Expansion
Comparison[0.0949]  EntRel[0.6673]  Expansion[0.2180]  NoRel[0.0033]  Temporal[0.0118]  Contingency[0.0047]  EntRel
Comparison[0.1112]  EntRel[0.4790]  Expansion[0.2666]  NoRel[0.0450]  Temporal[0.0506]  Contingency[0.0475]  EntRel
Comparison[0.0588]  EntRel[0.5488]  Expansion[0.2720]  NoRel[0.0377]  Temporal[0.0422]  Contingency[0.0405]  EntRel
Comparison[0.1024]  EntRel[0.4124]  Expansion[0.3707]  NoRel[0.0024]  Temporal[0.0241]  Contingency[0.0879]  EntRel
Comparison[0.0564]  EntRel[0.3169]  Expansion[0.4775]  NoRel[0.0011]  Temporal[0.0165]  Contingency[0.1315]  Expansion
Comparison[0.0464]  EntRel[0.5041]  Expansion[0.4342]  NoRel[0.0062]  Temporal[0.0021]  Contingency[0.0069]  EntRel
Comparison[0.0263]  EntRel[0.8108]  Expansion[0.1158]  NoRel[0.0232]  Temporal[0.0194]  Contingency[0.0045]  EntRel
Comparison[0.0710]  EntRel[0.4527]  Expansion[0.1986]  NoRel[0.1751]  Temporal[0.0651]  Contingency[0.0375]  EntRel
Comparison[0.1519]  EntRel[0.4048]  Expansion[0.1958]  NoRel[0.0361]  Temporal[0.0611]  Contingency[0.1502]  EntRel
Comparison[0.1231]  EntRel[0.3645]  Expansion[0.2329]  NoRel[0.0266]  Temporal[0.0114]  Contingency[0.2415]  EntRel
Comparison[0.0480]  EntRel[0.4665]  Expansion[0.3359]  NoRel[0.0426]  Temporal[0.0282]  Contingency[0.0787]  EntRel
Comparison[0.1250]  EntRel[0.6348]  Expansion[0.1712]  NoRel[0.0418]  Temporal[0.0205]  Contingency[0.0068]  EntRel
Comparison[0.0786]  EntRel[0.4514]  Expansion[0.3842]  NoRel[0.0137]  Temporal[0.0326]  Contingency[0.0395]  EntRel
Comparison[0.1220]  EntRel[0.0899]  Expansion[0.4776]  NoRel[0.0294]  Temporal[0.0693]  Contingency[0.2119]  Expansion
Comparison[0.0991]  EntRel[0.2039]  Expansion[0.4490]  NoRel[0.0070]  Temporal[0.0831]  Contingency[0.1579]  Expansion
Comparison[0.1107]  EntRel[0.2748]  Expansion[0.2565]  NoRel[0.0194]  Temporal[0.2403]  Contingency[0.0983]  EntRel
Comparison[0.1291]  EntRel[0.3027]  Expansion[0.2246]  NoRel[0.0587]  Temporal[0.1594]  Contingency[0.1254]  EntRel
Comparison[0.0719]  EntRel[0.5026]  Expansion[0.3326]  NoRel[0.0148]  Temporal[0.0606]  Contingency[0.0175]  EntRel
Comparison[0.0879]  EntRel[0.4970]  Expansion[0.3107]  NoRel[0.0110]  Temporal[0.0683]  Contingency[0.0251]  EntRel
Comparison[0.1362]  EntRel[0.3129]  Expansion[0.3080]  NoRel[0.0577]  Temporal[0.0273]  Contingency[0.1578]  EntRel
Comparison[0.0704]  EntRel[0.1092]  Expansion[0.6030]  NoRel[0.0069]  Temporal[0.0043]  Contingency[0.2062]  Expansion
Comparison[0.0873]  EntRel[0.6824]  Expansion[0.1472]  NoRel[0.0569]  Temporal[0.0166]  Contingency[0.0095]  EntRel
Comparison[0.1087]  EntRel[0.3189]  Expansion[0.3704]  NoRel[0.0269]  Temporal[0.0432]  Contingency[0.1319]  Expansion
Comparison[0.0766]  EntRel[0.1639]  Expansion[0.4929]  NoRel[0.0234]  Temporal[0.0380]  Contingency[0.2051]  Expansion
Comparison[0.1017]  EntRel[0.1872]  Expansion[0.3822]  NoRel[0.0039]  Temporal[0.1340]  Contingency[0.1911]  Expansion
Comparison[0.0779]  EntRel[0.1958]  Expansion[0.3062]  NoRel[0.0074]  Temporal[0.0753]  Contingency[0.3374]  Contingency
Comparison[0.0850]  EntRel[0.2131]  Expansion[0.5101]  NoRel[0.0041]  Temporal[0.0264]  Contingency[0.1614]  Expansion
Comparison[0.0617]  EntRel[0.4244]  Expansion[0.4611]  NoRel[0.0104]  Temporal[0.0215]  Contingency[0.0210]  Expansion
Comparison[0.0897]  EntRel[0.4534]  Expansion[0.4145]  NoRel[0.0047]  Temporal[0.0154]  Contingency[0.0224]  EntRel
Comparison[0.1559]  EntRel[0.1475]  Expansion[0.6299]  NoRel[0.0009]  Temporal[0.0135]  Contingency[0.0524]  Expansion
Comparison[0.0465]  EntRel[0.7549]  Expansion[0.1621]  NoRel[0.0079]  Temporal[0.0046]  Contingency[0.0240]  EntRel
