Comparison[0.0476]  EntRel[0.5062]  Expansion[0.3346]  NoRel[0.0315]  Temporal[0.0222]  Contingency[0.0579]  EntRel
Comparison[0.2669]  EntRel[0.2407]  Expansion[0.2174]  NoRel[0.1039]  Temporal[0.0274]  Contingency[0.1438]  Comparison
Comparison[0.0522]  EntRel[0.1829]  Expansion[0.5395]  NoRel[0.0022]  Temporal[0.0150]  Contingency[0.2082]  Expansion
Comparison[0.1207]  EntRel[0.1993]  Expansion[0.3423]  NoRel[0.0028]  Temporal[0.0038]  Contingency[0.3311]  Expansion
Comparison[0.0551]  EntRel[0.2923]  Expansion[0.5223]  NoRel[0.0223]  Temporal[0.0059]  Contingency[0.1021]  Expansion
Comparison[0.1600]  EntRel[0.1730]  Expansion[0.4957]  NoRel[0.0136]  Temporal[0.0116]  Contingency[0.1461]  Expansion
Comparison[0.0656]  EntRel[0.0767]  Expansion[0.5434]  NoRel[0.0039]  Temporal[0.0100]  Contingency[0.3003]  Expansion
Comparison[0.1037]  EntRel[0.1719]  Expansion[0.4374]  NoRel[0.0035]  Temporal[0.0046]  Contingency[0.2788]  Expansion
Comparison[0.0980]  EntRel[0.0760]  Expansion[0.6358]  NoRel[0.0023]  Temporal[0.0089]  Contingency[0.1789]  Expansion
Comparison[0.0927]  EntRel[0.1347]  Expansion[0.5034]  NoRel[0.0736]  Temporal[0.0245]  Contingency[0.1710]  Expansion
Comparison[0.0759]  EntRel[0.2231]  Expansion[0.5038]  NoRel[0.0089]  Temporal[0.0122]  Contingency[0.1761]  Expansion
Comparison[0.0504]  EntRel[0.5207]  Expansion[0.2582]  NoRel[0.0757]  Temporal[0.0750]  Contingency[0.0201]  EntRel
Comparison[0.0942]  EntRel[0.2083]  Expansion[0.5100]  NoRel[0.0133]  Temporal[0.0512]  Contingency[0.1230]  Expansion
Comparison[0.0912]  EntRel[0.5642]  Expansion[0.2375]  NoRel[0.0302]  Temporal[0.0494]  Contingency[0.0276]  EntRel
Comparison[0.0549]  EntRel[0.6051]  Expansion[0.2214]  NoRel[0.0626]  Temporal[0.0372]  Contingency[0.0189]  EntRel
Comparison[0.0664]  EntRel[0.2749]  Expansion[0.6316]  NoRel[0.0092]  Temporal[0.0057]  Contingency[0.0122]  Expansion
Comparison[0.0369]  EntRel[0.7519]  Expansion[0.0943]  NoRel[0.0840]  Temporal[0.0244]  Contingency[0.0084]  EntRel
Comparison[0.1195]  EntRel[0.2770]  Expansion[0.4272]  NoRel[0.0198]  Temporal[0.0261]  Contingency[0.1304]  Expansion
Comparison[0.0585]  EntRel[0.3575]  Expansion[0.4642]  NoRel[0.0237]  Temporal[0.0184]  Contingency[0.0777]  Expansion
Comparison[0.0983]  EntRel[0.5548]  Expansion[0.2388]  NoRel[0.0288]  Temporal[0.0236]  Contingency[0.0557]  EntRel
Comparison[0.1419]  EntRel[0.2416]  Expansion[0.4679]  NoRel[0.0129]  Temporal[0.0159]  Contingency[0.1198]  Expansion
Comparison[0.0166]  EntRel[0.4254]  Expansion[0.5269]  NoRel[0.0036]  Temporal[0.0199]  Contingency[0.0077]  Expansion
Comparison[0.0453]  EntRel[0.5607]  Expansion[0.2618]  NoRel[0.0253]  Temporal[0.0600]  Contingency[0.0470]  EntRel
Comparison[0.1330]  EntRel[0.2664]  Expansion[0.2579]  NoRel[0.0172]  Temporal[0.0656]  Contingency[0.2599]  EntRel
Comparison[0.0646]  EntRel[0.4297]  Expansion[0.4460]  NoRel[0.0057]  Temporal[0.0162]  Contingency[0.0378]  Expansion
Comparison[0.0922]  EntRel[0.6867]  Expansion[0.2016]  NoRel[0.0091]  Temporal[0.0029]  Contingency[0.0075]  EntRel
Comparison[0.0653]  EntRel[0.5283]  Expansion[0.3262]  NoRel[0.0073]  Temporal[0.0167]  Contingency[0.0563]  EntRel
Comparison[0.1338]  EntRel[0.0464]  Expansion[0.4077]  NoRel[0.0007]  Temporal[0.0039]  Contingency[0.4075]  Expansion
Comparison[0.0718]  EntRel[0.1913]  Expansion[0.6102]  NoRel[0.0057]  Temporal[0.0142]  Contingency[0.1068]  Expansion
Comparison[0.1102]  EntRel[0.5042]  Expansion[0.3612]  NoRel[0.0079]  Temporal[0.0114]  Contingency[0.0052]  EntRel
Comparison[0.0431]  EntRel[0.6427]  Expansion[0.2815]  NoRel[0.0145]  Temporal[0.0160]  Contingency[0.0023]  EntRel
Comparison[0.0588]  EntRel[0.4452]  Expansion[0.3416]  NoRel[0.0235]  Temporal[0.0947]  Contingency[0.0363]  EntRel
Comparison[0.1304]  EntRel[0.1200]  Expansion[0.4225]  NoRel[0.0029]  Temporal[0.0489]  Contingency[0.2753]  Expansion
Comparison[0.1207]  EntRel[0.1357]  Expansion[0.3273]  NoRel[0.0036]  Temporal[0.1814]  Contingency[0.2313]  Expansion
Comparison[0.1013]  EntRel[0.2492]  Expansion[0.3851]  NoRel[0.0080]  Temporal[0.1248]  Contingency[0.1316]  Expansion
Comparison[0.0711]  EntRel[0.7260]  Expansion[0.1166]  NoRel[0.0267]  Temporal[0.0403]  Contingency[0.0193]  EntRel
Comparison[0.1177]  EntRel[0.2648]  Expansion[0.3658]  NoRel[0.1109]  Temporal[0.0792]  Contingency[0.0616]  Expansion
Comparison[0.1470]  EntRel[0.2446]  Expansion[0.2877]  NoRel[0.0061]  Temporal[0.0916]  Contingency[0.2230]  Expansion
Comparison[0.0288]  EntRel[0.1183]  Expansion[0.8255]  NoRel[0.0016]  Temporal[0.0010]  Contingency[0.0248]  Expansion
Comparison[0.1026]  EntRel[0.6390]  Expansion[0.1526]  NoRel[0.0518]  Temporal[0.0393]  Contingency[0.0147]  EntRel
Comparison[0.0568]  EntRel[0.2471]  Expansion[0.4396]  NoRel[0.0714]  Temporal[0.0976]  Contingency[0.0874]  Expansion
Comparison[0.0692]  EntRel[0.5774]  Expansion[0.2800]  NoRel[0.0123]  Temporal[0.0127]  Contingency[0.0484]  EntRel
Comparison[0.0471]  EntRel[0.4769]  Expansion[0.4205]  NoRel[0.0299]  Temporal[0.0027]  Contingency[0.0229]  EntRel
Comparison[0.4691]  EntRel[0.0975]  Expansion[0.3337]  NoRel[0.0016]  Temporal[0.0020]  Contingency[0.0961]  Comparison
Comparison[0.0674]  EntRel[0.1595]  Expansion[0.7060]  NoRel[0.0024]  Temporal[0.0063]  Contingency[0.0585]  Expansion
Comparison[0.0623]  EntRel[0.5958]  Expansion[0.2815]  NoRel[0.0047]  Temporal[0.0041]  Contingency[0.0516]  EntRel
Comparison[0.0637]  EntRel[0.3793]  Expansion[0.4731]  NoRel[0.0104]  Temporal[0.0173]  Contingency[0.0561]  Expansion
Comparison[0.1477]  EntRel[0.3826]  Expansion[0.2188]  NoRel[0.0452]  Temporal[0.0211]  Contingency[0.1845]  EntRel
Comparison[0.1348]  EntRel[0.2576]  Expansion[0.3543]  NoRel[0.0260]  Temporal[0.0536]  Contingency[0.1738]  Expansion
Comparison[0.1192]  EntRel[0.2349]  Expansion[0.2659]  NoRel[0.0307]  Temporal[0.1938]  Contingency[0.1555]  Expansion
Comparison[0.0572]  EntRel[0.2713]  Expansion[0.5225]  NoRel[0.0126]  Temporal[0.0206]  Contingency[0.1158]  Expansion
Comparison[0.1181]  EntRel[0.2797]  Expansion[0.4603]  NoRel[0.0180]  Temporal[0.0047]  Contingency[0.1192]  Expansion
Comparison[0.1446]  EntRel[0.2266]  Expansion[0.3211]  NoRel[0.0152]  Temporal[0.1093]  Contingency[0.1831]  Expansion
Comparison[0.0648]  EntRel[0.2637]  Expansion[0.4676]  NoRel[0.0396]  Temporal[0.0405]  Contingency[0.1237]  Expansion
Comparison[0.1258]  EntRel[0.4901]  Expansion[0.3136]  NoRel[0.0146]  Temporal[0.0049]  Contingency[0.0509]  EntRel
Comparison[0.0860]  EntRel[0.2153]  Expansion[0.5041]  NoRel[0.0319]  Temporal[0.0201]  Contingency[0.1428]  Expansion
Comparison[0.0794]  EntRel[0.2898]  Expansion[0.4348]  NoRel[0.0171]  Temporal[0.0334]  Contingency[0.1455]  Expansion
Comparison[0.0624]  EntRel[0.5372]  Expansion[0.3378]  NoRel[0.0098]  Temporal[0.0303]  Contingency[0.0225]  EntRel
Comparison[0.0687]  EntRel[0.6092]  Expansion[0.2725]  NoRel[0.0123]  Temporal[0.0224]  Contingency[0.0150]  EntRel
Comparison[0.1373]  EntRel[0.5253]  Expansion[0.2929]  NoRel[0.0124]  Temporal[0.0160]  Contingency[0.0162]  EntRel
Comparison[0.0811]  EntRel[0.1122]  Expansion[0.5826]  NoRel[0.0099]  Temporal[0.0056]  Contingency[0.2085]  Expansion
Comparison[0.1919]  EntRel[0.1974]  Expansion[0.3949]  NoRel[0.0091]  Temporal[0.0349]  Contingency[0.1718]  Expansion
Comparison[0.0631]  EntRel[0.3261]  Expansion[0.4588]  NoRel[0.0541]  Temporal[0.0866]  Contingency[0.0114]  Expansion
Comparison[0.2308]  EntRel[0.3726]  Expansion[0.3284]  NoRel[0.0213]  Temporal[0.0274]  Contingency[0.0195]  EntRel
Comparison[0.0515]  EntRel[0.2189]  Expansion[0.6883]  NoRel[0.0098]  Temporal[0.0052]  Contingency[0.0263]  Expansion
Comparison[0.0669]  EntRel[0.6052]  Expansion[0.2599]  NoRel[0.0456]  Temporal[0.0040]  Contingency[0.0185]  EntRel
Comparison[0.1213]  EntRel[0.1119]  Expansion[0.5290]  NoRel[0.0259]  Temporal[0.0534]  Contingency[0.1585]  Expansion
Comparison[0.1145]  EntRel[0.0754]  Expansion[0.5157]  NoRel[0.0010]  Temporal[0.0135]  Contingency[0.2799]  Expansion
Comparison[0.1101]  EntRel[0.1641]  Expansion[0.4693]  NoRel[0.0018]  Temporal[0.0236]  Contingency[0.2310]  Expansion
Comparison[0.0523]  EntRel[0.2904]  Expansion[0.3569]  NoRel[0.0258]  Temporal[0.1417]  Contingency[0.1329]  Expansion
Comparison[0.1181]  EntRel[0.1678]  Expansion[0.3605]  NoRel[0.0270]  Temporal[0.0209]  Contingency[0.3058]  Expansion
Comparison[0.0705]  EntRel[0.4980]  Expansion[0.3200]  NoRel[0.0220]  Temporal[0.0382]  Contingency[0.0513]  EntRel
