Expansion[0.0321]  Contingency[0.0006]  Comparison[0.9655]  Temporal[0.0017]  Comparison
Expansion[0.0019]  Contingency[0.0058]  Comparison[0.0057]  Temporal[0.9866]  Temporal
Expansion[0.9709]  Contingency[0.0216]  Comparison[0.0039]  Temporal[0.0036]  Expansion
Expansion[0.0219]  Contingency[0.0024]  Comparison[0.9754]  Temporal[0.0004]  Comparison
Expansion[0.0321]  Contingency[0.0006]  Comparison[0.9655]  Temporal[0.0017]  Comparison
Expansion[0.0064]  Contingency[0.0402]  Comparison[0.9263]  Temporal[0.0270]  Comparison
Expansion[0.0003]  Contingency[0.1450]  Comparison[0.0010]  Temporal[0.8537]  Temporal
Expansion[0.0116]  Contingency[0.0003]  Comparison[0.9877]  Temporal[0.0003]  Comparison
Expansion[0.0103]  Contingency[0.0312]  Comparison[0.0305]  Temporal[0.9279]  Temporal
Expansion[0.0002]  Contingency[0.2589]  Comparison[0.0009]  Temporal[0.7399]  Temporal
Expansion[0.0258]  Contingency[0.0012]  Comparison[0.9718]  Temporal[0.0012]  Comparison
Expansion[0.0369]  Contingency[0.0033]  Comparison[0.0004]  Temporal[0.9595]  Temporal
Expansion[0.9904]  Contingency[0.0023]  Comparison[0.0072]  Temporal[0.0001]  Expansion
Expansion[0.9667]  Contingency[0.0075]  Comparison[0.0066]  Temporal[0.0192]  Expansion
Expansion[0.0321]  Contingency[0.0006]  Comparison[0.9655]  Temporal[0.0017]  Comparison
Expansion[0.0003]  Contingency[0.1450]  Comparison[0.0010]  Temporal[0.8537]  Temporal
Expansion[0.0321]  Contingency[0.0006]  Comparison[0.9655]  Temporal[0.0017]  Comparison
Expansion[0.0000]  Contingency[0.0261]  Comparison[0.0032]  Temporal[0.9707]  Temporal
Expansion[0.9900]  Contingency[0.0009]  Comparison[0.0073]  Temporal[0.0018]  Expansion
Expansion[0.0064]  Contingency[0.0402]  Comparison[0.9263]  Temporal[0.0270]  Comparison
