Comparison[0.1415]  EntRel[0.1503]  Expansion[0.5315]  NoRel[0.0019]  Temporal[0.0619]  Contingency[0.1129]  Expansion
Comparison[0.2282]  EntRel[0.4961]  Expansion[0.1731]  NoRel[0.0103]  Temporal[0.0041]  Contingency[0.0881]  EntRel
Comparison[0.0598]  EntRel[0.6507]  Expansion[0.2239]  NoRel[0.0048]  Temporal[0.0390]  Contingency[0.0218]  EntRel
Comparison[0.0217]  EntRel[0.6272]  Expansion[0.2446]  NoRel[0.0641]  Temporal[0.0245]  Contingency[0.0179]  EntRel
Comparison[0.0776]  EntRel[0.4972]  Expansion[0.2692]  NoRel[0.0086]  Temporal[0.0366]  Contingency[0.1109]  EntRel
Comparison[0.1443]  EntRel[0.2829]  Expansion[0.3139]  NoRel[0.0317]  Temporal[0.0736]  Contingency[0.1536]  Expansion
Comparison[0.0966]  EntRel[0.5393]  Expansion[0.2394]  NoRel[0.0563]  Temporal[0.0203]  Contingency[0.0480]  EntRel
Comparison[0.1210]  EntRel[0.3974]  Expansion[0.2848]  NoRel[0.0781]  Temporal[0.0694]  Contingency[0.0493]  EntRel
Comparison[0.0865]  EntRel[0.2814]  Expansion[0.3904]  NoRel[0.0364]  Temporal[0.0571]  Contingency[0.1481]  Expansion
Comparison[0.0397]  EntRel[0.6430]  Expansion[0.2692]  NoRel[0.0347]  Temporal[0.0042]  Contingency[0.0092]  EntRel
Comparison[0.0296]  EntRel[0.6849]  Expansion[0.2241]  NoRel[0.0209]  Temporal[0.0345]  Contingency[0.0060]  EntRel
Comparison[0.1223]  EntRel[0.3978]  Expansion[0.3971]  NoRel[0.0149]  Temporal[0.0170]  Contingency[0.0507]  EntRel
Comparison[0.0737]  EntRel[0.6825]  Expansion[0.1899]  NoRel[0.0173]  Temporal[0.0083]  Contingency[0.0283]  EntRel
Comparison[0.1443]  EntRel[0.3272]  Expansion[0.3370]  NoRel[0.0475]  Temporal[0.0466]  Contingency[0.0973]  Expansion
Comparison[0.1166]  EntRel[0.4463]  Expansion[0.1507]  NoRel[0.0503]  Temporal[0.0827]  Contingency[0.1534]  EntRel
Comparison[0.0606]  EntRel[0.3399]  Expansion[0.2873]  NoRel[0.1479]  Temporal[0.0855]  Contingency[0.0788]  EntRel
Comparison[0.0691]  EntRel[0.4446]  Expansion[0.3032]  NoRel[0.0074]  Temporal[0.0171]  Contingency[0.1586]  EntRel
Comparison[0.1504]  EntRel[0.2410]  Expansion[0.2589]  NoRel[0.0044]  Temporal[0.0276]  Contingency[0.3177]  Contingency
Comparison[0.2575]  EntRel[0.1265]  Expansion[0.2057]  NoRel[0.0223]  Temporal[0.0803]  Contingency[0.3077]  Contingency
Comparison[0.1877]  EntRel[0.1709]  Expansion[0.2080]  NoRel[0.1084]  Temporal[0.1022]  Contingency[0.2228]  Contingency
Comparison[0.2012]  EntRel[0.1704]  Expansion[0.2113]  NoRel[0.0369]  Temporal[0.0525]  Contingency[0.3277]  Contingency
Comparison[0.1302]  EntRel[0.2038]  Expansion[0.3976]  NoRel[0.0235]  Temporal[0.0740]  Contingency[0.1709]  Expansion
Comparison[0.1859]  EntRel[0.1959]  Expansion[0.2704]  NoRel[0.0158]  Temporal[0.1276]  Contingency[0.2044]  Expansion
Comparison[0.2307]  EntRel[0.1303]  Expansion[0.2931]  NoRel[0.0133]  Temporal[0.0622]  Contingency[0.2704]  Expansion
Comparison[0.1000]  EntRel[0.2101]  Expansion[0.2252]  NoRel[0.0375]  Temporal[0.0453]  Contingency[0.3820]  Contingency
Comparison[0.1827]  EntRel[0.3846]  Expansion[0.2201]  NoRel[0.0345]  Temporal[0.1152]  Contingency[0.0629]  EntRel
Comparison[0.1097]  EntRel[0.4352]  Expansion[0.3467]  NoRel[0.0205]  Temporal[0.0726]  Contingency[0.0153]  EntRel
Comparison[0.0555]  EntRel[0.6988]  Expansion[0.1729]  NoRel[0.0131]  Temporal[0.0404]  Contingency[0.0193]  EntRel
Comparison[0.1344]  EntRel[0.2440]  Expansion[0.2265]  NoRel[0.0852]  Temporal[0.1310]  Contingency[0.1788]  EntRel
Comparison[0.0911]  EntRel[0.2353]  Expansion[0.3127]  NoRel[0.0266]  Temporal[0.0605]  Contingency[0.2739]  Expansion
Comparison[0.1256]  EntRel[0.2041]  Expansion[0.3261]  NoRel[0.0283]  Temporal[0.0646]  Contingency[0.2513]  Expansion
Comparison[0.1125]  EntRel[0.2278]  Expansion[0.2533]  NoRel[0.0632]  Temporal[0.0765]  Contingency[0.2665]  Contingency
