Comparison[0.0367]  EntRel[0.4591]  Expansion[0.3382]  NoRel[0.0087]  Temporal[0.0768]  Contingency[0.0805]  EntRel
Comparison[0.0549]  EntRel[0.4566]  Expansion[0.3008]  NoRel[0.0239]  Temporal[0.0687]  Contingency[0.0952]  EntRel
Comparison[0.1820]  EntRel[0.2587]  Expansion[0.2299]  NoRel[0.0125]  Temporal[0.0911]  Contingency[0.2260]  EntRel
Comparison[0.1249]  EntRel[0.2504]  Expansion[0.2799]  NoRel[0.0749]  Temporal[0.0776]  Contingency[0.1923]  Expansion
Comparison[0.1790]  EntRel[0.2248]  Expansion[0.2763]  NoRel[0.0302]  Temporal[0.0273]  Contingency[0.2623]  Expansion
Comparison[0.0385]  EntRel[0.2151]  Expansion[0.5549]  NoRel[0.0082]  Temporal[0.0176]  Contingency[0.1657]  Expansion
Comparison[0.0860]  EntRel[0.4251]  Expansion[0.3100]  NoRel[0.0015]  Temporal[0.0602]  Contingency[0.1172]  EntRel
Comparison[0.0470]  EntRel[0.3870]  Expansion[0.4145]  NoRel[0.0117]  Temporal[0.0795]  Contingency[0.0603]  Expansion
Comparison[0.0529]  EntRel[0.4585]  Expansion[0.3241]  NoRel[0.0256]  Temporal[0.0664]  Contingency[0.0725]  EntRel
Comparison[0.0388]  EntRel[0.4893]  Expansion[0.3185]  NoRel[0.0134]  Temporal[0.0434]  Contingency[0.0966]  EntRel
Comparison[0.1348]  EntRel[0.2013]  Expansion[0.1639]  NoRel[0.0281]  Temporal[0.2711]  Contingency[0.2007]  Temporal
Comparison[0.0533]  EntRel[0.3487]  Expansion[0.3630]  NoRel[0.0172]  Temporal[0.0905]  Contingency[0.1272]  Expansion
Comparison[0.0957]  EntRel[0.2487]  Expansion[0.4515]  NoRel[0.0129]  Temporal[0.0618]  Contingency[0.1295]  Expansion
Comparison[0.1355]  EntRel[0.1808]  Expansion[0.2682]  NoRel[0.0122]  Temporal[0.0624]  Contingency[0.3408]  Contingency
Comparison[0.0589]  EntRel[0.2537]  Expansion[0.4787]  NoRel[0.0142]  Temporal[0.0458]  Contingency[0.1487]  Expansion
Comparison[0.0537]  EntRel[0.1936]  Expansion[0.5438]  NoRel[0.0175]  Temporal[0.0126]  Contingency[0.1788]  Expansion
Comparison[0.1547]  EntRel[0.2764]  Expansion[0.3697]  NoRel[0.0052]  Temporal[0.0085]  Contingency[0.1855]  Expansion
Comparison[0.1402]  EntRel[0.1276]  Expansion[0.3746]  NoRel[0.0379]  Temporal[0.1052]  Contingency[0.2146]  Expansion
Comparison[0.0995]  EntRel[0.2223]  Expansion[0.3820]  NoRel[0.0286]  Temporal[0.0839]  Contingency[0.1837]  Expansion
Comparison[0.0801]  EntRel[0.3267]  Expansion[0.3688]  NoRel[0.0118]  Temporal[0.0759]  Contingency[0.1367]  Expansion
Comparison[0.0943]  EntRel[0.1631]  Expansion[0.3945]  NoRel[0.0281]  Temporal[0.0488]  Contingency[0.2713]  Expansion
Comparison[0.2834]  EntRel[0.2881]  Expansion[0.1975]  NoRel[0.0172]  Temporal[0.1035]  Contingency[0.1103]  EntRel
Comparison[0.1198]  EntRel[0.2028]  Expansion[0.4028]  NoRel[0.0032]  Temporal[0.0367]  Contingency[0.2348]  Expansion
Comparison[0.0824]  EntRel[0.1514]  Expansion[0.2279]  NoRel[0.0221]  Temporal[0.3062]  Contingency[0.2101]  Temporal
Comparison[0.0561]  EntRel[0.4251]  Expansion[0.3309]  NoRel[0.0059]  Temporal[0.1489]  Contingency[0.0330]  EntRel
Comparison[0.0915]  EntRel[0.2707]  Expansion[0.2941]  NoRel[0.0213]  Temporal[0.1426]  Contingency[0.1798]  Expansion
Comparison[0.1339]  EntRel[0.1705]  Expansion[0.2682]  NoRel[0.0520]  Temporal[0.0914]  Contingency[0.2841]  Contingency
Comparison[0.0740]  EntRel[0.1964]  Expansion[0.3620]  NoRel[0.0062]  Temporal[0.0260]  Contingency[0.3354]  Expansion
Comparison[0.1605]  EntRel[0.2590]  Expansion[0.3593]  NoRel[0.0183]  Temporal[0.0880]  Contingency[0.1149]  Expansion
Comparison[0.0385]  EntRel[0.2948]  Expansion[0.4800]  NoRel[0.0412]  Temporal[0.0553]  Contingency[0.0902]  Expansion
