Comparison[0.0704]  EntRel[0.2329]  Expansion[0.4882]  NoRel[0.0022]  Temporal[0.0750]  Contingency[0.1314]  Expansion
Comparison[0.1088]  EntRel[0.4565]  Expansion[0.2043]  NoRel[0.0177]  Temporal[0.1295]  Contingency[0.0832]  EntRel
Comparison[0.0928]  EntRel[0.2903]  Expansion[0.3349]  NoRel[0.0063]  Temporal[0.0737]  Contingency[0.2019]  Expansion
Comparison[0.0388]  EntRel[0.2696]  Expansion[0.4789]  NoRel[0.0057]  Temporal[0.0566]  Contingency[0.1503]  Expansion
Comparison[0.1241]  EntRel[0.2318]  Expansion[0.2644]  NoRel[0.0015]  Temporal[0.0502]  Contingency[0.3280]  Contingency
Comparison[0.0589]  EntRel[0.2537]  Expansion[0.4787]  NoRel[0.0142]  Temporal[0.0458]  Contingency[0.1487]  Expansion
Comparison[0.1318]  EntRel[0.2144]  Expansion[0.2466]  NoRel[0.0295]  Temporal[0.0824]  Contingency[0.2953]  Contingency
Comparison[0.1958]  EntRel[0.2053]  Expansion[0.2988]  NoRel[0.0197]  Temporal[0.0440]  Contingency[0.2363]  Expansion
Comparison[0.1188]  EntRel[0.2491]  Expansion[0.3339]  NoRel[0.0133]  Temporal[0.0073]  Contingency[0.2774]  Expansion
Comparison[0.1709]  EntRel[0.2364]  Expansion[0.3120]  NoRel[0.0297]  Temporal[0.0478]  Contingency[0.2031]  Expansion
Comparison[0.0517]  EntRel[0.3507]  Expansion[0.4397]  NoRel[0.0060]  Temporal[0.0597]  Contingency[0.0922]  Expansion
Comparison[0.0589]  EntRel[0.2975]  Expansion[0.4882]  NoRel[0.0034]  Temporal[0.0859]  Contingency[0.0661]  Expansion
Comparison[0.1387]  EntRel[0.2339]  Expansion[0.2162]  NoRel[0.0084]  Temporal[0.1672]  Contingency[0.2356]  Contingency
Comparison[0.1706]  EntRel[0.2344]  Expansion[0.3059]  NoRel[0.0382]  Temporal[0.1343]  Contingency[0.1165]  Expansion
Comparison[0.0931]  EntRel[0.2168]  Expansion[0.3823]  NoRel[0.0068]  Temporal[0.0371]  Contingency[0.2639]  Expansion
Comparison[0.0522]  EntRel[0.3775]  Expansion[0.3642]  NoRel[0.0197]  Temporal[0.0743]  Contingency[0.1121]  EntRel
