Expansion[0.0002]  Contingency[0.2589]  Comparison[0.0009]  Temporal[0.7399]  Temporal
Expansion[0.0124]  Contingency[0.0031]  Comparison[0.9766]  Temporal[0.0079]  Comparison
Expansion[0.9670]  Contingency[0.0081]  Comparison[0.0248]  Temporal[0.0002]  Expansion
Expansion[0.0028]  Contingency[0.0037]  Comparison[0.9609]  Temporal[0.0327]  Comparison
Expansion[0.0612]  Contingency[0.0006]  Comparison[0.9376]  Temporal[0.0006]  Comparison
Expansion[0.9069]  Contingency[0.0765]  Comparison[0.0079]  Temporal[0.0087]  Expansion
Expansion[0.0064]  Contingency[0.0402]  Comparison[0.0189]  Temporal[0.9346]  Temporal
Expansion[0.9112]  Contingency[0.0844]  Comparison[0.0023]  Temporal[0.0021]  Expansion
Expansion[0.0011]  Contingency[0.0071]  Comparison[0.9870]  Temporal[0.0048]  Comparison
Expansion[0.9670]  Contingency[0.0081]  Comparison[0.0248]  Temporal[0.0002]  Expansion
Expansion[0.9069]  Contingency[0.0765]  Comparison[0.0079]  Temporal[0.0087]  Expansion
Expansion[0.9709]  Contingency[0.0216]  Comparison[0.0039]  Temporal[0.0036]  Expansion
Expansion[0.0321]  Contingency[0.0006]  Comparison[0.9655]  Temporal[0.0017]  Comparison
Expansion[0.0308]  Contingency[0.0003]  Comparison[0.9683]  Temporal[0.0006]  Comparison
Expansion[0.0011]  Contingency[0.9523]  Comparison[0.0278]  Temporal[0.0188]  Contingency
Expansion[0.0002]  Contingency[0.2168]  Comparison[0.0213]  Temporal[0.7617]  Temporal
Expansion[0.9069]  Contingency[0.0765]  Comparison[0.0079]  Temporal[0.0087]  Expansion
Expansion[0.0011]  Contingency[0.9523]  Comparison[0.0278]  Temporal[0.0188]  Contingency
Expansion[0.0103]  Contingency[0.0312]  Comparison[0.0305]  Temporal[0.9279]  Temporal
Expansion[0.0321]  Contingency[0.0006]  Comparison[0.9655]  Temporal[0.0017]  Comparison
