Comparison[0.0789]  EntRel[0.7514]  Expansion[0.0945]  NoRel[0.0368]  Temporal[0.0156]  Contingency[0.0228]  EntRel
Comparison[0.0435]  EntRel[0.7792]  Expansion[0.0979]  NoRel[0.0086]  Temporal[0.0064]  Contingency[0.0643]  EntRel
Comparison[0.0302]  EntRel[0.6469]  Expansion[0.2393]  NoRel[0.0658]  Temporal[0.0110]  Contingency[0.0068]  EntRel
Comparison[0.0279]  EntRel[0.6624]  Expansion[0.2516]  NoRel[0.0219]  Temporal[0.0281]  Contingency[0.0080]  EntRel
Comparison[0.0402]  EntRel[0.5004]  Expansion[0.3139]  NoRel[0.0054]  Temporal[0.0130]  Contingency[0.1271]  EntRel
Comparison[0.1691]  EntRel[0.1996]  Expansion[0.3299]  NoRel[0.0489]  Temporal[0.0636]  Contingency[0.1888]  Expansion
Comparison[0.0473]  EntRel[0.3495]  Expansion[0.5267]  NoRel[0.0175]  Temporal[0.0137]  Contingency[0.0453]  Expansion
Comparison[0.0209]  EntRel[0.8039]  Expansion[0.0819]  NoRel[0.0840]  Temporal[0.0061]  Contingency[0.0033]  EntRel
Comparison[0.0743]  EntRel[0.4913]  Expansion[0.2571]  NoRel[0.0223]  Temporal[0.0348]  Contingency[0.1202]  EntRel
Comparison[0.1506]  EntRel[0.1463]  Expansion[0.2851]  NoRel[0.0181]  Temporal[0.0923]  Contingency[0.3076]  Contingency
Comparison[0.0593]  EntRel[0.6939]  Expansion[0.1971]  NoRel[0.0040]  Temporal[0.0287]  Contingency[0.0171]  EntRel
Comparison[0.1759]  EntRel[0.3931]  Expansion[0.2227]  NoRel[0.0588]  Temporal[0.0589]  Contingency[0.0907]  EntRel
Comparison[0.1429]  EntRel[0.1454]  Expansion[0.2862]  NoRel[0.0236]  Temporal[0.0874]  Contingency[0.3145]  Contingency
Comparison[0.0930]  EntRel[0.3012]  Expansion[0.3630]  NoRel[0.0119]  Temporal[0.1034]  Contingency[0.1276]  Expansion
Comparison[0.0492]  EntRel[0.3204]  Expansion[0.2486]  NoRel[0.0261]  Temporal[0.0538]  Contingency[0.3020]  EntRel
Comparison[0.0681]  EntRel[0.5642]  Expansion[0.2420]  NoRel[0.0268]  Temporal[0.0581]  Contingency[0.0408]  EntRel
Comparison[0.0987]  EntRel[0.5742]  Expansion[0.1179]  NoRel[0.0654]  Temporal[0.1113]  Contingency[0.0325]  EntRel
