Comparison[0.1909]  EntRel[0.2155]  Expansion[0.2651]  NoRel[0.0545]  Temporal[0.0910]  Contingency[0.1830]  Expansion
Comparison[0.0881]  EntRel[0.2535]  Expansion[0.4375]  NoRel[0.0415]  Temporal[0.0526]  Contingency[0.1268]  Expansion
Comparison[0.0357]  EntRel[0.4640]  Expansion[0.1003]  NoRel[0.3674]  Temporal[0.0241]  Contingency[0.0086]  EntRel
Comparison[0.0811]  EntRel[0.4308]  Expansion[0.3332]  NoRel[0.0069]  Temporal[0.0383]  Contingency[0.1097]  EntRel
Comparison[0.0904]  EntRel[0.2010]  Expansion[0.2827]  NoRel[0.0230]  Temporal[0.1758]  Contingency[0.2271]  Expansion
Comparison[0.0569]  EntRel[0.3468]  Expansion[0.3883]  NoRel[0.0255]  Temporal[0.0903]  Contingency[0.0921]  Expansion
Comparison[0.1806]  EntRel[0.5644]  Expansion[0.1686]  NoRel[0.0241]  Temporal[0.0420]  Contingency[0.0203]  EntRel
Comparison[0.0666]  EntRel[0.4991]  Expansion[0.2915]  NoRel[0.0094]  Temporal[0.0589]  Contingency[0.0745]  EntRel
Comparison[0.1725]  EntRel[0.4100]  Expansion[0.3110]  NoRel[0.0156]  Temporal[0.0082]  Contingency[0.0827]  EntRel
Comparison[0.0494]  EntRel[0.1643]  Expansion[0.6748]  NoRel[0.0013]  Temporal[0.0184]  Contingency[0.0919]  Expansion
Comparison[0.1671]  EntRel[0.4832]  Expansion[0.2773]  NoRel[0.0127]  Temporal[0.0456]  Contingency[0.0142]  EntRel
Comparison[0.0254]  EntRel[0.6661]  Expansion[0.2113]  NoRel[0.0187]  Temporal[0.0551]  Contingency[0.0233]  EntRel
Comparison[0.0670]  EntRel[0.6101]  Expansion[0.2275]  NoRel[0.0047]  Temporal[0.0205]  Contingency[0.0702]  EntRel
Comparison[0.1367]  EntRel[0.3699]  Expansion[0.3969]  NoRel[0.0020]  Temporal[0.0312]  Contingency[0.0634]  Expansion
Comparison[0.1798]  EntRel[0.2693]  Expansion[0.3268]  NoRel[0.0147]  Temporal[0.0681]  Contingency[0.1413]  Expansion
Comparison[0.0865]  EntRel[0.2263]  Expansion[0.4591]  NoRel[0.0209]  Temporal[0.0305]  Contingency[0.1767]  Expansion
Comparison[0.0257]  EntRel[0.5038]  Expansion[0.4501]  NoRel[0.0031]  Temporal[0.0037]  Contingency[0.0136]  EntRel
Comparison[0.0361]  EntRel[0.7832]  Expansion[0.1325]  NoRel[0.0119]  Temporal[0.0233]  Contingency[0.0130]  EntRel
Comparison[0.1207]  EntRel[0.2277]  Expansion[0.5312]  NoRel[0.0050]  Temporal[0.0303]  Contingency[0.0850]  Expansion
Comparison[0.1058]  EntRel[0.3447]  Expansion[0.3268]  NoRel[0.0100]  Temporal[0.0582]  Contingency[0.1545]  EntRel
Comparison[0.1796]  EntRel[0.2704]  Expansion[0.4284]  NoRel[0.0072]  Temporal[0.0565]  Contingency[0.0578]  Expansion
Comparison[0.0296]  EntRel[0.7874]  Expansion[0.1428]  NoRel[0.0177]  Temporal[0.0197]  Contingency[0.0027]  EntRel
Comparison[0.1808]  EntRel[0.5820]  Expansion[0.1528]  NoRel[0.0157]  Temporal[0.0478]  Contingency[0.0209]  EntRel
Comparison[0.0393]  EntRel[0.3954]  Expansion[0.3812]  NoRel[0.0607]  Temporal[0.0295]  Contingency[0.0939]  EntRel
Comparison[0.0526]  EntRel[0.7459]  Expansion[0.1511]  NoRel[0.0224]  Temporal[0.0036]  Contingency[0.0243]  EntRel
Comparison[0.0637]  EntRel[0.5018]  Expansion[0.3565]  NoRel[0.0102]  Temporal[0.0070]  Contingency[0.0608]  EntRel
Comparison[0.3438]  EntRel[0.3384]  Expansion[0.1809]  NoRel[0.0073]  Temporal[0.0117]  Contingency[0.1179]  Comparison
Comparison[0.1041]  EntRel[0.1760]  Expansion[0.4066]  NoRel[0.0352]  Temporal[0.0790]  Contingency[0.1991]  Expansion
Comparison[0.0945]  EntRel[0.4180]  Expansion[0.2394]  NoRel[0.0099]  Temporal[0.0428]  Contingency[0.1954]  EntRel
Comparison[0.1466]  EntRel[0.2790]  Expansion[0.3605]  NoRel[0.0266]  Temporal[0.0366]  Contingency[0.1508]  Expansion
Comparison[0.1143]  EntRel[0.3365]  Expansion[0.2433]  NoRel[0.0185]  Temporal[0.0532]  Contingency[0.2342]  EntRel
Comparison[0.0972]  EntRel[0.5928]  Expansion[0.1686]  NoRel[0.0385]  Temporal[0.0510]  Contingency[0.0519]  EntRel
Comparison[0.1632]  EntRel[0.2906]  Expansion[0.2964]  NoRel[0.0868]  Temporal[0.0754]  Contingency[0.0876]  Expansion
Comparison[0.1375]  EntRel[0.1658]  Expansion[0.3832]  NoRel[0.0186]  Temporal[0.2098]  Contingency[0.0850]  Expansion
Comparison[0.1983]  EntRel[0.1410]  Expansion[0.2772]  NoRel[0.0064]  Temporal[0.0503]  Contingency[0.3267]  Contingency
Comparison[0.1550]  EntRel[0.0734]  Expansion[0.4078]  NoRel[0.0030]  Temporal[0.0322]  Contingency[0.3285]  Expansion
Comparison[0.0995]  EntRel[0.2457]  Expansion[0.3966]  NoRel[0.0059]  Temporal[0.1043]  Contingency[0.1479]  Expansion
Comparison[0.0818]  EntRel[0.3769]  Expansion[0.2883]  NoRel[0.0083]  Temporal[0.1338]  Contingency[0.1109]  EntRel
Comparison[0.1085]  EntRel[0.2486]  Expansion[0.3589]  NoRel[0.0244]  Temporal[0.0958]  Contingency[0.1638]  Expansion
Comparison[0.1285]  EntRel[0.2559]  Expansion[0.3123]  NoRel[0.0142]  Temporal[0.0617]  Contingency[0.2274]  Expansion
Comparison[0.0746]  EntRel[0.2099]  Expansion[0.4501]  NoRel[0.0109]  Temporal[0.0663]  Contingency[0.1882]  Expansion
Comparison[0.0838]  EntRel[0.3889]  Expansion[0.3214]  NoRel[0.0224]  Temporal[0.0674]  Contingency[0.1161]  EntRel
Comparison[0.1359]  EntRel[0.2285]  Expansion[0.3708]  NoRel[0.0726]  Temporal[0.0912]  Contingency[0.1011]  Expansion
Comparison[0.1604]  EntRel[0.3674]  Expansion[0.2974]  NoRel[0.0125]  Temporal[0.0455]  Contingency[0.1169]  EntRel
Comparison[0.0649]  EntRel[0.3273]  Expansion[0.3114]  NoRel[0.0345]  Temporal[0.0729]  Contingency[0.1890]  EntRel
