Comparison[0.0677]  EntRel[0.2608]  Expansion[0.4534]  NoRel[0.0073]  Temporal[0.0364]  Contingency[0.1744]  Expansion
Comparison[0.1616]  EntRel[0.3973]  Expansion[0.2818]  NoRel[0.0047]  Temporal[0.1054]  Contingency[0.0492]  EntRel
Comparison[0.0848]  EntRel[0.1253]  Expansion[0.2916]  NoRel[0.0029]  Temporal[0.0167]  Contingency[0.4787]  Contingency
Comparison[0.1251]  EntRel[0.2246]  Expansion[0.3781]  NoRel[0.0027]  Temporal[0.0126]  Contingency[0.2569]  Expansion
Comparison[0.1441]  EntRel[0.3157]  Expansion[0.4143]  NoRel[0.0038]  Temporal[0.0377]  Contingency[0.0843]  Expansion
Comparison[0.0626]  EntRel[0.4240]  Expansion[0.4065]  NoRel[0.0281]  Temporal[0.0458]  Contingency[0.0331]  EntRel
Comparison[0.2384]  EntRel[0.1528]  Expansion[0.3691]  NoRel[0.0012]  Temporal[0.0281]  Contingency[0.2104]  Expansion
Comparison[0.2148]  EntRel[0.1094]  Expansion[0.4411]  NoRel[0.0028]  Temporal[0.0115]  Contingency[0.2204]  Expansion
Comparison[0.1132]  EntRel[0.0796]  Expansion[0.5690]  NoRel[0.0091]  Temporal[0.0270]  Contingency[0.2022]  Expansion
Comparison[0.2017]  EntRel[0.2547]  Expansion[0.3443]  NoRel[0.0040]  Temporal[0.0253]  Contingency[0.1700]  Expansion
Comparison[0.0612]  EntRel[0.2440]  Expansion[0.5136]  NoRel[0.0315]  Temporal[0.0310]  Contingency[0.1187]  Expansion
Comparison[0.0516]  EntRel[0.5165]  Expansion[0.3507]  NoRel[0.0146]  Temporal[0.0114]  Contingency[0.0553]  EntRel
Comparison[0.1104]  EntRel[0.2034]  Expansion[0.3997]  NoRel[0.0176]  Temporal[0.0770]  Contingency[0.1919]  Expansion
Comparison[0.1820]  EntRel[0.2386]  Expansion[0.2520]  NoRel[0.2579]  Temporal[0.0251]  Contingency[0.0444]  NoRel
Comparison[0.0523]  EntRel[0.3592]  Expansion[0.5070]  NoRel[0.0305]  Temporal[0.0035]  Contingency[0.0475]  Expansion
Comparison[0.0597]  EntRel[0.8062]  Expansion[0.0797]  NoRel[0.0041]  Temporal[0.0219]  Contingency[0.0284]  EntRel
Comparison[0.0766]  EntRel[0.4953]  Expansion[0.2679]  NoRel[0.0030]  Temporal[0.0221]  Contingency[0.1352]  EntRel
Comparison[0.1584]  EntRel[0.2770]  Expansion[0.3633]  NoRel[0.0104]  Temporal[0.0133]  Contingency[0.1775]  Expansion
Comparison[0.0466]  EntRel[0.2067]  Expansion[0.4172]  NoRel[0.0605]  Temporal[0.0446]  Contingency[0.2243]  Expansion
Comparison[0.0724]  EntRel[0.3765]  Expansion[0.4874]  NoRel[0.0053]  Temporal[0.0380]  Contingency[0.0203]  Expansion
Comparison[0.0954]  EntRel[0.4599]  Expansion[0.3651]  NoRel[0.0065]  Temporal[0.0137]  Contingency[0.0594]  EntRel
Comparison[0.1251]  EntRel[0.0916]  Expansion[0.3757]  NoRel[0.0032]  Temporal[0.0652]  Contingency[0.3391]  Expansion
Comparison[0.0645]  EntRel[0.1787]  Expansion[0.4496]  NoRel[0.0280]  Temporal[0.1129]  Contingency[0.1663]  Expansion
Comparison[0.2529]  EntRel[0.1089]  Expansion[0.3626]  NoRel[0.0266]  Temporal[0.0873]  Contingency[0.1617]  Expansion
Comparison[0.1261]  EntRel[0.2430]  Expansion[0.2903]  NoRel[0.0065]  Temporal[0.0231]  Contingency[0.3110]  Contingency
Comparison[0.1649]  EntRel[0.2517]  Expansion[0.4227]  NoRel[0.0041]  Temporal[0.0154]  Contingency[0.1413]  Expansion
Comparison[0.0477]  EntRel[0.7407]  Expansion[0.1946]  NoRel[0.0009]  Temporal[0.0084]  Contingency[0.0077]  EntRel
Comparison[0.0337]  EntRel[0.7525]  Expansion[0.1999]  NoRel[0.0016]  Temporal[0.0016]  Contingency[0.0106]  EntRel
Comparison[0.0436]  EntRel[0.4332]  Expansion[0.4594]  NoRel[0.0037]  Temporal[0.0041]  Contingency[0.0561]  Expansion
Comparison[0.0925]  EntRel[0.3873]  Expansion[0.4815]  NoRel[0.0038]  Temporal[0.0200]  Contingency[0.0149]  Expansion
Comparison[0.0745]  EntRel[0.4055]  Expansion[0.2792]  NoRel[0.1685]  Temporal[0.0266]  Contingency[0.0458]  EntRel
Comparison[0.0556]  EntRel[0.1993]  Expansion[0.6829]  NoRel[0.0151]  Temporal[0.0114]  Contingency[0.0356]  Expansion
Comparison[0.0263]  EntRel[0.6980]  Expansion[0.1710]  NoRel[0.0434]  Temporal[0.0519]  Contingency[0.0094]  EntRel
Comparison[0.1928]  EntRel[0.1476]  Expansion[0.3555]  NoRel[0.0060]  Temporal[0.0566]  Contingency[0.2416]  Expansion
