Expansion[0.9069]  Contingency[0.0765]  Comparison[0.0079]  Temporal[0.0087]  Expansion
Expansion[0.0026]  Contingency[0.0213]  Comparison[0.0077]  Temporal[0.9683]  Temporal
Expansion[0.0060]  Contingency[0.9507]  Comparison[0.0178]  Temporal[0.0254]  Contingency
Expansion[0.0321]  Contingency[0.0006]  Comparison[0.9655]  Temporal[0.0017]  Comparison
Expansion[0.0041]  Contingency[0.0576]  Comparison[0.0466]  Temporal[0.8917]  Temporal
Expansion[0.0001]  Contingency[0.3275]  Comparison[0.0123]  Temporal[0.6601]  Temporal
Expansion[0.0003]  Contingency[0.9583]  Comparison[0.0021]  Temporal[0.0393]  Contingency
Expansion[0.0711]  Contingency[0.0146]  Comparison[0.0013]  Temporal[0.9129]  Temporal
Expansion[0.9924]  Contingency[0.0025]  Comparison[0.0025]  Temporal[0.0025]  Expansion
Expansion[0.9723]  Contingency[0.0167]  Comparison[0.0018]  Temporal[0.0092]  Expansion
Expansion[0.0330]  Contingency[0.0004]  Comparison[0.9654]  Temporal[0.0012]  Comparison
Expansion[0.0002]  Contingency[0.2589]  Comparison[0.0009]  Temporal[0.7399]  Temporal
Expansion[0.0019]  Contingency[0.0058]  Comparison[0.0057]  Temporal[0.9866]  Temporal
Expansion[0.0161]  Contingency[0.9741]  Comparison[0.0053]  Temporal[0.0044]  Contingency
Expansion[0.9670]  Contingency[0.0081]  Comparison[0.0248]  Temporal[0.0002]  Expansion
Expansion[0.0321]  Contingency[0.0006]  Comparison[0.9655]  Temporal[0.0017]  Comparison
Expansion[0.0011]  Contingency[0.0071]  Comparison[0.9870]  Temporal[0.0048]  Comparison
Expansion[0.9904]  Contingency[0.0023]  Comparison[0.0072]  Temporal[0.0001]  Expansion
Expansion[0.0011]  Contingency[0.0070]  Comparison[0.9871]  Temporal[0.0047]  Comparison
Expansion[0.0124]  Contingency[0.0031]  Comparison[0.9766]  Temporal[0.0079]  Comparison
Expansion[0.0064]  Contingency[0.0402]  Comparison[0.9263]  Temporal[0.0270]  Comparison
Expansion[0.0010]  Contingency[0.9877]  Comparison[0.0042]  Temporal[0.0070]  Contingency
Expansion[0.9904]  Contingency[0.0023]  Comparison[0.0072]  Temporal[0.0001]  Expansion
Expansion[0.0064]  Contingency[0.0402]  Comparison[0.0189]  Temporal[0.9346]  Temporal
Expansion[0.0124]  Contingency[0.0031]  Comparison[0.9766]  Temporal[0.0079]  Comparison
Expansion[0.0321]  Contingency[0.0006]  Comparison[0.9655]  Temporal[0.0017]  Comparison
Expansion[0.0321]  Contingency[0.0006]  Comparison[0.9655]  Temporal[0.0017]  Comparison
Expansion[0.0019]  Contingency[0.0026]  Comparison[0.0003]  Temporal[0.9952]  Temporal
Expansion[0.0064]  Contingency[0.0402]  Comparison[0.0189]  Temporal[0.9346]  Temporal
Expansion[0.0330]  Contingency[0.0004]  Comparison[0.9654]  Temporal[0.0012]  Comparison
