Expansion[0.9904]  Contingency[0.0023]  Comparison[0.0072]  Temporal[0.0001]  Expansion
Expansion[0.0038]  Contingency[0.8748]  Comparison[0.0113]  Temporal[0.1101]  Contingency
Expansion[0.0064]  Contingency[0.0402]  Comparison[0.0189]  Temporal[0.9346]  Temporal
Expansion[0.9898]  Contingency[0.0009]  Comparison[0.0074]  Temporal[0.0019]  Expansion
Expansion[0.0103]  Contingency[0.0312]  Comparison[0.0305]  Temporal[0.9279]  Temporal
Expansion[0.0321]  Contingency[0.0006]  Comparison[0.9655]  Temporal[0.0017]  Comparison
Expansion[0.9709]  Contingency[0.0216]  Comparison[0.0039]  Temporal[0.0036]  Expansion
Expansion[0.0004]  Contingency[0.9966]  Comparison[0.0012]  Temporal[0.0017]  Contingency
Expansion[0.9723]  Contingency[0.0167]  Comparison[0.0018]  Temporal[0.0092]  Expansion
Expansion[0.9447]  Contingency[0.0510]  Comparison[0.0022]  Temporal[0.0020]  Expansion
Expansion[0.0003]  Contingency[0.1450]  Comparison[0.0010]  Temporal[0.8537]  Temporal
Expansion[0.9069]  Contingency[0.0765]  Comparison[0.0079]  Temporal[0.0087]  Expansion
Expansion[0.0060]  Contingency[0.9507]  Comparison[0.0178]  Temporal[0.0254]  Contingency
Expansion[0.0207]  Contingency[0.0055]  Comparison[0.9718]  Temporal[0.0020]  Comparison
Expansion[0.0321]  Contingency[0.0006]  Comparison[0.9655]  Temporal[0.0017]  Comparison
Expansion[0.0321]  Contingency[0.0006]  Comparison[0.9655]  Temporal[0.0017]  Comparison
Expansion[0.0004]  Contingency[0.9966]  Comparison[0.0012]  Temporal[0.0017]  Contingency
Expansion[0.0321]  Contingency[0.0006]  Comparison[0.9655]  Temporal[0.0017]  Comparison
Expansion[0.0028]  Contingency[0.9770]  Comparison[0.0083]  Temporal[0.0119]  Contingency
Expansion[0.0219]  Contingency[0.0024]  Comparison[0.9754]  Temporal[0.0004]  Comparison
Expansion[0.1760]  Contingency[0.0167]  Comparison[0.6248]  Temporal[0.1826]  Comparison
Expansion[0.9723]  Contingency[0.0167]  Comparison[0.0018]  Temporal[0.0092]  Expansion
Expansion[0.0321]  Contingency[0.0006]  Comparison[0.9655]  Temporal[0.0017]  Comparison
Expansion[0.9683]  Contingency[0.0048]  Comparison[0.0147]  Temporal[0.0122]  Expansion
Expansion[0.9944]  Contingency[0.0005]  Comparison[0.0041]  Temporal[0.0010]  Expansion
Expansion[0.0002]  Contingency[0.2589]  Comparison[0.0009]  Temporal[0.7399]  Temporal
