Comparison[0.0813]  EntRel[0.1591]  Expansion[0.4852]  NoRel[0.0052]  Temporal[0.0124]  Contingency[0.2568]  Expansion
Comparison[0.1176]  EntRel[0.5932]  Expansion[0.1848]  NoRel[0.0300]  Temporal[0.0088]  Contingency[0.0655]  EntRel
Comparison[0.0243]  EntRel[0.8360]  Expansion[0.1165]  NoRel[0.0132]  Temporal[0.0036]  Contingency[0.0064]  EntRel
Comparison[0.0495]  EntRel[0.4832]  Expansion[0.2349]  NoRel[0.1155]  Temporal[0.0423]  Contingency[0.0746]  EntRel
Comparison[0.0830]  EntRel[0.2475]  Expansion[0.4482]  NoRel[0.0035]  Temporal[0.1504]  Contingency[0.0674]  Expansion
Comparison[0.1170]  EntRel[0.3954]  Expansion[0.3253]  NoRel[0.0328]  Temporal[0.0185]  Contingency[0.1110]  EntRel
Comparison[0.1399]  EntRel[0.2867]  Expansion[0.3614]  NoRel[0.0478]  Temporal[0.0143]  Contingency[0.1499]  Expansion
Comparison[0.1345]  EntRel[0.1291]  Expansion[0.4766]  NoRel[0.0079]  Temporal[0.0692]  Contingency[0.1827]  Expansion
Comparison[0.0971]  EntRel[0.1846]  Expansion[0.3580]  NoRel[0.0016]  Temporal[0.0731]  Contingency[0.2856]  Expansion
Comparison[0.0821]  EntRel[0.2125]  Expansion[0.3761]  NoRel[0.0161]  Temporal[0.0331]  Contingency[0.2802]  Expansion
Comparison[0.1246]  EntRel[0.1770]  Expansion[0.3898]  NoRel[0.0180]  Temporal[0.0575]  Contingency[0.2332]  Expansion
Comparison[0.2345]  EntRel[0.1198]  Expansion[0.3419]  NoRel[0.0091]  Temporal[0.0516]  Contingency[0.2430]  Expansion
Comparison[0.1021]  EntRel[0.1393]  Expansion[0.4273]  NoRel[0.0294]  Temporal[0.0574]  Contingency[0.2443]  Expansion
Comparison[0.1607]  EntRel[0.4987]  Expansion[0.1853]  NoRel[0.0038]  Temporal[0.0137]  Contingency[0.1378]  EntRel
Comparison[0.1100]  EntRel[0.1026]  Expansion[0.2889]  NoRel[0.0016]  Temporal[0.0260]  Contingency[0.4710]  Contingency
Comparison[0.0726]  EntRel[0.1321]  Expansion[0.3788]  NoRel[0.0036]  Temporal[0.2017]  Contingency[0.2112]  Expansion
Comparison[0.1444]  EntRel[0.1997]  Expansion[0.2945]  NoRel[0.0062]  Temporal[0.0597]  Contingency[0.2955]  Contingency
Comparison[0.0872]  EntRel[0.1742]  Expansion[0.2628]  NoRel[0.0890]  Temporal[0.0939]  Contingency[0.2928]  Contingency
Comparison[0.1365]  EntRel[0.4086]  Expansion[0.2604]  NoRel[0.0073]  Temporal[0.0213]  Contingency[0.1660]  EntRel
Comparison[0.0512]  EntRel[0.3819]  Expansion[0.5301]  NoRel[0.0016]  Temporal[0.0043]  Contingency[0.0309]  Expansion
Comparison[0.1126]  EntRel[0.2005]  Expansion[0.3800]  NoRel[0.0047]  Temporal[0.0863]  Contingency[0.2159]  Expansion
Comparison[0.2104]  EntRel[0.1896]  Expansion[0.2160]  NoRel[0.0261]  Temporal[0.1586]  Contingency[0.1994]  Expansion
Comparison[0.1718]  EntRel[0.2052]  Expansion[0.2800]  NoRel[0.0092]  Temporal[0.0975]  Contingency[0.2362]  Expansion
Comparison[0.1049]  EntRel[0.1118]  Expansion[0.5802]  NoRel[0.0018]  Temporal[0.0257]  Contingency[0.1756]  Expansion
Comparison[0.2079]  EntRel[0.0858]  Expansion[0.3639]  NoRel[0.0020]  Temporal[0.0144]  Contingency[0.3261]  Expansion
Comparison[0.1567]  EntRel[0.0924]  Expansion[0.4851]  NoRel[0.0033]  Temporal[0.0174]  Contingency[0.2451]  Expansion
Comparison[0.1301]  EntRel[0.1558]  Expansion[0.3835]  NoRel[0.0218]  Temporal[0.0138]  Contingency[0.2950]  Expansion
Comparison[0.1622]  EntRel[0.1767]  Expansion[0.3473]  NoRel[0.0801]  Temporal[0.0606]  Contingency[0.1731]  Expansion
Comparison[0.1051]  EntRel[0.2086]  Expansion[0.5138]  NoRel[0.0374]  Temporal[0.0707]  Contingency[0.0645]  Expansion
Comparison[0.1374]  EntRel[0.3165]  Expansion[0.3451]  NoRel[0.0042]  Temporal[0.0180]  Contingency[0.1789]  Expansion
Comparison[0.1103]  EntRel[0.1007]  Expansion[0.3776]  NoRel[0.0013]  Temporal[0.0190]  Contingency[0.3912]  Contingency
Comparison[0.0560]  EntRel[0.1988]  Expansion[0.6147]  NoRel[0.0046]  Temporal[0.0319]  Contingency[0.0941]  Expansion
Comparison[0.1459]  EntRel[0.3231]  Expansion[0.3821]  NoRel[0.0106]  Temporal[0.0283]  Contingency[0.1099]  Expansion
Comparison[0.0516]  EntRel[0.1149]  Expansion[0.5614]  NoRel[0.0016]  Temporal[0.0073]  Contingency[0.2632]  Expansion
Comparison[0.2888]  EntRel[0.1971]  Expansion[0.2451]  NoRel[0.0421]  Temporal[0.0452]  Contingency[0.1818]  Comparison
Comparison[0.0851]  EntRel[0.3775]  Expansion[0.3283]  NoRel[0.0373]  Temporal[0.0639]  Contingency[0.1079]  EntRel
Comparison[0.1482]  EntRel[0.2970]  Expansion[0.3580]  NoRel[0.0301]  Temporal[0.0408]  Contingency[0.1260]  Expansion
Comparison[0.0688]  EntRel[0.1619]  Expansion[0.3455]  NoRel[0.0192]  Temporal[0.1503]  Contingency[0.2544]  Expansion
Comparison[0.1170]  EntRel[0.0928]  Expansion[0.4354]  NoRel[0.0163]  Temporal[0.0339]  Contingency[0.3046]  Expansion
Comparison[0.0803]  EntRel[0.2517]  Expansion[0.4938]  NoRel[0.0025]  Temporal[0.0239]  Contingency[0.1477]  Expansion
Comparison[0.0214]  EntRel[0.8294]  Expansion[0.0789]  NoRel[0.0105]  Temporal[0.0319]  Contingency[0.0279]  EntRel
Comparison[0.0636]  EntRel[0.4619]  Expansion[0.1993]  NoRel[0.0843]  Temporal[0.0827]  Contingency[0.1083]  EntRel
Comparison[0.1048]  EntRel[0.3667]  Expansion[0.2869]  NoRel[0.0350]  Temporal[0.0951]  Contingency[0.1114]  EntRel
Comparison[0.1338]  EntRel[0.4416]  Expansion[0.2420]  NoRel[0.0049]  Temporal[0.0427]  Contingency[0.1350]  EntRel
Comparison[0.1192]  EntRel[0.3399]  Expansion[0.3966]  NoRel[0.0041]  Temporal[0.0053]  Contingency[0.1350]  Expansion
Comparison[0.2512]  EntRel[0.2277]  Expansion[0.2272]  NoRel[0.0881]  Temporal[0.0312]  Contingency[0.1747]  Comparison
Comparison[0.1105]  EntRel[0.2667]  Expansion[0.2216]  NoRel[0.0339]  Temporal[0.1039]  Contingency[0.2635]  EntRel
Comparison[0.0658]  EntRel[0.3711]  Expansion[0.3702]  NoRel[0.0370]  Temporal[0.0605]  Contingency[0.0955]  EntRel
Comparison[0.0788]  EntRel[0.6556]  Expansion[0.1427]  NoRel[0.0833]  Temporal[0.0137]  Contingency[0.0258]  EntRel
Comparison[0.0991]  EntRel[0.5518]  Expansion[0.2351]  NoRel[0.0585]  Temporal[0.0198]  Contingency[0.0357]  EntRel
Comparison[0.1066]  EntRel[0.4946]  Expansion[0.2135]  NoRel[0.0875]  Temporal[0.0691]  Contingency[0.0287]  EntRel
Comparison[0.2173]  EntRel[0.2344]  Expansion[0.2770]  NoRel[0.0151]  Temporal[0.1085]  Contingency[0.1476]  Expansion
Comparison[0.1812]  EntRel[0.0969]  Expansion[0.3980]  NoRel[0.0119]  Temporal[0.1183]  Contingency[0.1937]  Expansion
Comparison[0.1192]  EntRel[0.1397]  Expansion[0.3539]  NoRel[0.0045]  Temporal[0.0948]  Contingency[0.2878]  Expansion
Comparison[0.1403]  EntRel[0.2546]  Expansion[0.4311]  NoRel[0.0152]  Temporal[0.0780]  Contingency[0.0808]  Expansion
Comparison[0.0954]  EntRel[0.2764]  Expansion[0.2444]  NoRel[0.2379]  Temporal[0.0383]  Contingency[0.1076]  EntRel
Comparison[0.0851]  EntRel[0.2715]  Expansion[0.4119]  NoRel[0.0036]  Temporal[0.0097]  Contingency[0.2182]  Expansion
Comparison[0.1180]  EntRel[0.1649]  Expansion[0.3639]  NoRel[0.0136]  Temporal[0.0771]  Contingency[0.2626]  Expansion
Comparison[0.1013]  EntRel[0.4337]  Expansion[0.3154]  NoRel[0.0606]  Temporal[0.0524]  Contingency[0.0367]  EntRel
Comparison[0.1644]  EntRel[0.1978]  Expansion[0.4860]  NoRel[0.0177]  Temporal[0.0363]  Contingency[0.0979]  Expansion
Comparison[0.0684]  EntRel[0.1509]  Expansion[0.4916]  NoRel[0.0027]  Temporal[0.0170]  Contingency[0.2693]  Expansion
Comparison[0.0544]  EntRel[0.2775]  Expansion[0.6231]  NoRel[0.0045]  Temporal[0.0107]  Contingency[0.0298]  Expansion
Comparison[0.0325]  EntRel[0.3115]  Expansion[0.0705]  NoRel[0.5677]  Temporal[0.0113]  Contingency[0.0065]  NoRel
Comparison[0.0736]  EntRel[0.5001]  Expansion[0.3872]  NoRel[0.0029]  Temporal[0.0201]  Contingency[0.0161]  EntRel
Comparison[0.0853]  EntRel[0.3345]  Expansion[0.4488]  NoRel[0.0392]  Temporal[0.0391]  Contingency[0.0531]  Expansion
Comparison[0.1428]  EntRel[0.2495]  Expansion[0.4589]  NoRel[0.0096]  Temporal[0.0914]  Contingency[0.0478]  Expansion
Comparison[0.1565]  EntRel[0.2246]  Expansion[0.4040]  NoRel[0.0516]  Temporal[0.0214]  Contingency[0.1419]  Expansion
Comparison[0.0613]  EntRel[0.3218]  Expansion[0.3316]  NoRel[0.0159]  Temporal[0.0550]  Contingency[0.2145]  Expansion
