Comparison[0.1405]  EntRel[0.1544]  Expansion[0.3034]  NoRel[0.0069]  Temporal[0.0431]  Contingency[0.3517]  Contingency
Comparison[0.1345]  EntRel[0.2650]  Expansion[0.4557]  NoRel[0.0183]  Temporal[0.0313]  Contingency[0.0952]  Expansion
Comparison[0.1263]  EntRel[0.1793]  Expansion[0.4629]  NoRel[0.0057]  Temporal[0.0015]  Contingency[0.2243]  Expansion
Comparison[0.1273]  EntRel[0.3165]  Expansion[0.4569]  NoRel[0.0160]  Temporal[0.0190]  Contingency[0.0643]  Expansion
Comparison[0.0674]  EntRel[0.4584]  Expansion[0.3085]  NoRel[0.0805]  Temporal[0.0264]  Contingency[0.0588]  EntRel
Comparison[0.1399]  EntRel[0.2867]  Expansion[0.3614]  NoRel[0.0478]  Temporal[0.0143]  Contingency[0.1499]  Expansion
Comparison[0.3140]  EntRel[0.1563]  Expansion[0.1912]  NoRel[0.0775]  Temporal[0.0644]  Contingency[0.1966]  Comparison
Comparison[0.0813]  EntRel[0.1958]  Expansion[0.4859]  NoRel[0.0243]  Temporal[0.0203]  Contingency[0.1924]  Expansion
Comparison[0.1445]  EntRel[0.1091]  Expansion[0.4607]  NoRel[0.0308]  Temporal[0.0333]  Contingency[0.2216]  Expansion
Comparison[0.1029]  EntRel[0.0473]  Expansion[0.4973]  NoRel[0.0010]  Temporal[0.0299]  Contingency[0.3217]  Expansion
Comparison[0.0730]  EntRel[0.1648]  Expansion[0.4542]  NoRel[0.0054]  Temporal[0.0137]  Contingency[0.2889]  Expansion
Comparison[0.1020]  EntRel[0.4105]  Expansion[0.4184]  NoRel[0.0014]  Temporal[0.0184]  Contingency[0.0493]  Expansion
Comparison[0.0343]  EntRel[0.5658]  Expansion[0.1270]  NoRel[0.2211]  Temporal[0.0329]  Contingency[0.0188]  EntRel
Comparison[0.0942]  EntRel[0.2624]  Expansion[0.4569]  NoRel[0.0061]  Temporal[0.0141]  Contingency[0.1663]  Expansion
Comparison[0.0872]  EntRel[0.2668]  Expansion[0.3987]  NoRel[0.0431]  Temporal[0.0726]  Contingency[0.1316]  Expansion
Comparison[0.0690]  EntRel[0.6384]  Expansion[0.2739]  NoRel[0.0018]  Temporal[0.0098]  Contingency[0.0072]  EntRel
Comparison[0.0368]  EntRel[0.6344]  Expansion[0.1908]  NoRel[0.1016]  Temporal[0.0256]  Contingency[0.0107]  EntRel
Comparison[0.0953]  EntRel[0.4687]  Expansion[0.2211]  NoRel[0.0093]  Temporal[0.1097]  Contingency[0.0957]  EntRel
Comparison[0.0195]  EntRel[0.8053]  Expansion[0.0939]  NoRel[0.0036]  Temporal[0.0528]  Contingency[0.0250]  EntRel
Comparison[0.0488]  EntRel[0.2459]  Expansion[0.2865]  NoRel[0.0072]  Temporal[0.3089]  Contingency[0.1028]  Temporal
Comparison[0.1077]  EntRel[0.2718]  Expansion[0.4230]  NoRel[0.0019]  Temporal[0.0244]  Contingency[0.1713]  Expansion
Comparison[0.1216]  EntRel[0.1822]  Expansion[0.3357]  NoRel[0.0138]  Temporal[0.0202]  Contingency[0.3264]  Expansion
Comparison[0.1647]  EntRel[0.1148]  Expansion[0.3778]  NoRel[0.0029]  Temporal[0.0475]  Contingency[0.2923]  Expansion
Comparison[0.0846]  EntRel[0.2188]  Expansion[0.3274]  NoRel[0.0280]  Temporal[0.0374]  Contingency[0.3038]  Expansion
Comparison[0.1596]  EntRel[0.1606]  Expansion[0.4234]  NoRel[0.0060]  Temporal[0.0196]  Contingency[0.2307]  Expansion
Comparison[0.1188]  EntRel[0.1656]  Expansion[0.5232]  NoRel[0.0015]  Temporal[0.1035]  Contingency[0.0874]  Expansion
Comparison[0.0633]  EntRel[0.5016]  Expansion[0.2485]  NoRel[0.0573]  Temporal[0.0402]  Contingency[0.0890]  EntRel
Comparison[0.1109]  EntRel[0.1578]  Expansion[0.5161]  NoRel[0.0028]  Temporal[0.0599]  Contingency[0.1524]  Expansion
Comparison[0.1155]  EntRel[0.1868]  Expansion[0.2598]  NoRel[0.2676]  Temporal[0.0341]  Contingency[0.1362]  NoRel
Comparison[0.1135]  EntRel[0.2290]  Expansion[0.2912]  NoRel[0.0134]  Temporal[0.1002]  Contingency[0.2527]  Expansion
Comparison[0.1056]  EntRel[0.1325]  Expansion[0.4553]  NoRel[0.0186]  Temporal[0.0529]  Contingency[0.2351]  Expansion
Comparison[0.0920]  EntRel[0.1520]  Expansion[0.4938]  NoRel[0.0070]  Temporal[0.0891]  Contingency[0.1660]  Expansion
Comparison[0.1192]  EntRel[0.1478]  Expansion[0.3248]  NoRel[0.0040]  Temporal[0.1094]  Contingency[0.2948]  Expansion
Comparison[0.1675]  EntRel[0.1587]  Expansion[0.2740]  NoRel[0.0091]  Temporal[0.0922]  Contingency[0.2986]  Contingency
Comparison[0.0919]  EntRel[0.2052]  Expansion[0.6474]  NoRel[0.0024]  Temporal[0.0070]  Contingency[0.0460]  Expansion
Comparison[0.0921]  EntRel[0.1672]  Expansion[0.4326]  NoRel[0.0014]  Temporal[0.0758]  Contingency[0.2309]  Expansion
Comparison[0.1204]  EntRel[0.2801]  Expansion[0.2975]  NoRel[0.1529]  Temporal[0.0618]  Contingency[0.0873]  Expansion
Comparison[0.1509]  EntRel[0.2574]  Expansion[0.4747]  NoRel[0.0266]  Temporal[0.0242]  Contingency[0.0662]  Expansion
Comparison[0.0713]  EntRel[0.1190]  Expansion[0.6226]  NoRel[0.0018]  Temporal[0.0250]  Contingency[0.1603]  Expansion
