Expansion[0.0321]  Contingency[0.0006]  Comparison[0.9655]  Temporal[0.0017]  Comparison
Expansion[0.9723]  Contingency[0.0167]  Comparison[0.0018]  Temporal[0.0092]  Expansion
Expansion[0.9924]  Contingency[0.0025]  Comparison[0.0025]  Temporal[0.0025]  Expansion
Expansion[0.0207]  Contingency[0.0055]  Comparison[0.9718]  Temporal[0.0020]  Comparison
Expansion[0.9853]  Contingency[0.0008]  Comparison[0.0057]  Temporal[0.0082]  Expansion
Expansion[0.0009]  Contingency[0.0062]  Comparison[0.0025]  Temporal[0.9904]  Temporal
Expansion[0.0321]  Contingency[0.0006]  Comparison[0.9655]  Temporal[0.0017]  Comparison
Expansion[0.9709]  Contingency[0.0216]  Comparison[0.0039]  Temporal[0.0036]  Expansion
Expansion[0.0812]  Contingency[0.6157]  Comparison[0.0812]  Temporal[0.2219]  Contingency
Expansion[0.9709]  Contingency[0.0216]  Comparison[0.0039]  Temporal[0.0036]  Expansion
Expansion[0.0321]  Contingency[0.0006]  Comparison[0.9655]  Temporal[0.0017]  Comparison
Expansion[0.0010]  Contingency[0.9877]  Comparison[0.0042]  Temporal[0.0070]  Contingency
Expansion[0.0321]  Contingency[0.0006]  Comparison[0.9655]  Temporal[0.0017]  Comparison
Expansion[0.9069]  Contingency[0.0765]  Comparison[0.0079]  Temporal[0.0087]  Expansion
Expansion[0.0038]  Contingency[0.8748]  Comparison[0.0113]  Temporal[0.1101]  Contingency
Expansion[0.0321]  Contingency[0.0006]  Comparison[0.9655]  Temporal[0.0017]  Comparison
Expansion[0.0568]  Contingency[0.0812]  Comparison[0.8175]  Temporal[0.0445]  Comparison
Expansion[0.0064]  Contingency[0.0402]  Comparison[0.9263]  Temporal[0.0270]  Comparison
Expansion[0.9719]  Contingency[0.0181]  Comparison[0.0033]  Temporal[0.0066]  Expansion
Expansion[0.0330]  Contingency[0.0004]  Comparison[0.9654]  Temporal[0.0012]  Comparison
Expansion[0.9069]  Contingency[0.0765]  Comparison[0.0079]  Temporal[0.0087]  Expansion
Expansion[0.0369]  Contingency[0.0033]  Comparison[0.0004]  Temporal[0.9595]  Temporal
Expansion[0.0010]  Contingency[0.9877]  Comparison[0.0042]  Temporal[0.0070]  Contingency
Expansion[0.0027]  Contingency[0.0023]  Comparison[0.9941]  Temporal[0.0009]  Comparison
Expansion[0.0010]  Contingency[0.9877]  Comparison[0.0042]  Temporal[0.0070]  Contingency
Expansion[0.0026]  Contingency[0.0032]  Comparison[0.9910]  Temporal[0.0032]  Comparison
Expansion[0.0219]  Contingency[0.0024]  Comparison[0.9754]  Temporal[0.0004]  Comparison
Expansion[0.0025]  Contingency[0.0157]  Comparison[0.9713]  Temporal[0.0105]  Comparison
Expansion[0.0001]  Contingency[0.4915]  Comparison[0.0130]  Temporal[0.4954]  Temporal
Expansion[0.0258]  Contingency[0.0012]  Comparison[0.9718]  Temporal[0.0012]  Comparison
Expansion[0.9723]  Contingency[0.0167]  Comparison[0.0018]  Temporal[0.0092]  Expansion
Expansion[0.0090]  Contingency[0.0118]  Comparison[0.9300]  Temporal[0.0492]  Comparison
Expansion[0.0019]  Contingency[0.0058]  Comparison[0.0057]  Temporal[0.9866]  Temporal
Expansion[0.9508]  Contingency[0.0020]  Comparison[0.0430]  Temporal[0.0042]  Expansion
Expansion[0.0064]  Contingency[0.0402]  Comparison[0.0189]  Temporal[0.9346]  Temporal
Expansion[0.0321]  Contingency[0.0006]  Comparison[0.9655]  Temporal[0.0017]  Comparison
Expansion[0.0088]  Contingency[0.0116]  Comparison[0.8901]  Temporal[0.0895]  Comparison
Expansion[0.8987]  Contingency[0.0407]  Comparison[0.0202]  Temporal[0.0405]  Expansion
Expansion[0.0002]  Contingency[0.2589]  Comparison[0.0009]  Temporal[0.7399]  Temporal
Expansion[0.0002]  Contingency[0.2589]  Comparison[0.0009]  Temporal[0.7399]  Temporal
Expansion[0.9069]  Contingency[0.0765]  Comparison[0.0079]  Temporal[0.0087]  Expansion
Expansion[0.0052]  Contingency[0.6970]  Comparison[0.0154]  Temporal[0.2824]  Contingency
Expansion[0.9723]  Contingency[0.0167]  Comparison[0.0018]  Temporal[0.0092]  Expansion
Expansion[0.9670]  Contingency[0.0081]  Comparison[0.0248]  Temporal[0.0002]  Expansion
Expansion[0.0060]  Contingency[0.9507]  Comparison[0.0178]  Temporal[0.0254]  Contingency
