Expansion[0.0582]  Contingency[0.2937]  Comparison[0.0567]  Temporal[0.5914]  Temporal
Expansion[0.9853]  Contingency[0.0008]  Comparison[0.0057]  Temporal[0.0082]  Expansion
Expansion[0.0003]  Contingency[0.9583]  Comparison[0.0021]  Temporal[0.0393]  Contingency
Expansion[0.9069]  Contingency[0.0765]  Comparison[0.0079]  Temporal[0.0087]  Expansion
Expansion[0.0038]  Contingency[0.9555]  Comparison[0.0153]  Temporal[0.0254]  Contingency
Expansion[0.0124]  Contingency[0.0031]  Comparison[0.9766]  Temporal[0.0079]  Comparison
Expansion[0.9723]  Contingency[0.0167]  Comparison[0.0018]  Temporal[0.0092]  Expansion
Expansion[0.9723]  Contingency[0.0167]  Comparison[0.0018]  Temporal[0.0092]  Expansion
Expansion[0.9914]  Contingency[0.0055]  Comparison[0.0010]  Temporal[0.0020]  Expansion
Expansion[0.0041]  Contingency[0.0576]  Comparison[0.0466]  Temporal[0.8917]  Temporal
Expansion[0.0369]  Contingency[0.0033]  Comparison[0.0004]  Temporal[0.9595]  Temporal
Expansion[0.0321]  Contingency[0.0006]  Comparison[0.9655]  Temporal[0.0017]  Comparison
Expansion[0.0012]  Contingency[0.0077]  Comparison[0.0036]  Temporal[0.9874]  Temporal
Expansion[0.9670]  Contingency[0.0081]  Comparison[0.0248]  Temporal[0.0002]  Expansion
Expansion[0.0038]  Contingency[0.9555]  Comparison[0.0153]  Temporal[0.0254]  Contingency
Expansion[0.0001]  Contingency[0.9469]  Comparison[0.0413]  Temporal[0.0117]  Contingency
Expansion[0.9849]  Contingency[0.0023]  Comparison[0.0070]  Temporal[0.0058]  Expansion
Expansion[0.9369]  Contingency[0.0463]  Comparison[0.0092]  Temporal[0.0076]  Expansion
Expansion[0.9670]  Contingency[0.0081]  Comparison[0.0248]  Temporal[0.0002]  Expansion
Expansion[0.9723]  Contingency[0.0167]  Comparison[0.0018]  Temporal[0.0092]  Expansion
Expansion[0.9904]  Contingency[0.0023]  Comparison[0.0072]  Temporal[0.0001]  Expansion
Expansion[0.0330]  Contingency[0.0004]  Comparison[0.9654]  Temporal[0.0012]  Comparison
Expansion[0.0321]  Contingency[0.0006]  Comparison[0.9655]  Temporal[0.0017]  Comparison
Expansion[0.0003]  Contingency[0.9583]  Comparison[0.0021]  Temporal[0.0393]  Contingency
Expansion[0.0003]  Contingency[0.9583]  Comparison[0.0021]  Temporal[0.0393]  Contingency
Expansion[0.0038]  Contingency[0.8748]  Comparison[0.0113]  Temporal[0.1101]  Contingency
Expansion[0.1760]  Contingency[0.0167]  Comparison[0.6248]  Temporal[0.1826]  Comparison
