Comparison[0.1495]  EntRel[0.2864]  Expansion[0.3381]  NoRel[0.0098]  Temporal[0.0776]  Contingency[0.1385]  Expansion
Comparison[0.0587]  EntRel[0.5646]  Expansion[0.2680]  NoRel[0.0339]  Temporal[0.0246]  Contingency[0.0502]  EntRel
Comparison[0.2663]  EntRel[0.3553]  Expansion[0.2251]  NoRel[0.0419]  Temporal[0.0366]  Contingency[0.0749]  EntRel
Comparison[0.0590]  EntRel[0.2939]  Expansion[0.4433]  NoRel[0.0059]  Temporal[0.0555]  Contingency[0.1425]  Expansion
Comparison[0.0844]  EntRel[0.3724]  Expansion[0.3222]  NoRel[0.0096]  Temporal[0.0624]  Contingency[0.1491]  EntRel
Comparison[0.0494]  EntRel[0.4936]  Expansion[0.2831]  NoRel[0.0098]  Temporal[0.0152]  Contingency[0.1490]  EntRel
Comparison[0.0689]  EntRel[0.2802]  Expansion[0.4133]  NoRel[0.0048]  Temporal[0.0363]  Contingency[0.1965]  Expansion
Comparison[0.0783]  EntRel[0.3428]  Expansion[0.2975]  NoRel[0.0188]  Temporal[0.1379]  Contingency[0.1247]  EntRel
Comparison[0.0766]  EntRel[0.4380]  Expansion[0.2088]  NoRel[0.0307]  Temporal[0.0807]  Contingency[0.1652]  EntRel
Comparison[0.1626]  EntRel[0.3471]  Expansion[0.2793]  NoRel[0.0093]  Temporal[0.0691]  Contingency[0.1326]  EntRel
Comparison[0.0902]  EntRel[0.2245]  Expansion[0.4561]  NoRel[0.0074]  Temporal[0.0856]  Contingency[0.1361]  Expansion
Comparison[0.0538]  EntRel[0.1623]  Expansion[0.4000]  NoRel[0.0013]  Temporal[0.0957]  Contingency[0.2868]  Expansion
Comparison[0.1049]  EntRel[0.3475]  Expansion[0.3577]  NoRel[0.0031]  Temporal[0.0270]  Contingency[0.1598]  Expansion
Comparison[0.2078]  EntRel[0.3127]  Expansion[0.2980]  NoRel[0.0449]  Temporal[0.0247]  Contingency[0.1119]  EntRel
Comparison[0.1503]  EntRel[0.2858]  Expansion[0.3808]  NoRel[0.0661]  Temporal[0.0367]  Contingency[0.0803]  Expansion
Comparison[0.1060]  EntRel[0.2593]  Expansion[0.3687]  NoRel[0.0176]  Temporal[0.0755]  Contingency[0.1729]  Expansion
Comparison[0.0581]  EntRel[0.4706]  Expansion[0.2531]  NoRel[0.0003]  Temporal[0.1661]  Contingency[0.0518]  EntRel
Comparison[0.1540]  EntRel[0.4976]  Expansion[0.2645]  NoRel[0.0135]  Temporal[0.0425]  Contingency[0.0279]  EntRel
Comparison[0.0768]  EntRel[0.6802]  Expansion[0.1381]  NoRel[0.0337]  Temporal[0.0321]  Contingency[0.0392]  EntRel
Comparison[0.0635]  EntRel[0.5089]  Expansion[0.3287]  NoRel[0.0162]  Temporal[0.0227]  Contingency[0.0600]  EntRel
Comparison[0.0397]  EntRel[0.6731]  Expansion[0.2296]  NoRel[0.0040]  Temporal[0.0243]  Contingency[0.0293]  EntRel
Comparison[0.1697]  EntRel[0.5287]  Expansion[0.2154]  NoRel[0.0363]  Temporal[0.0409]  Contingency[0.0091]  EntRel
Comparison[0.0467]  EntRel[0.6930]  Expansion[0.1172]  NoRel[0.0561]  Temporal[0.0463]  Contingency[0.0407]  EntRel
Comparison[0.1015]  EntRel[0.4155]  Expansion[0.2630]  NoRel[0.0102]  Temporal[0.1257]  Contingency[0.0841]  EntRel
Comparison[0.1649]  EntRel[0.4499]  Expansion[0.2270]  NoRel[0.0229]  Temporal[0.1214]  Contingency[0.0138]  EntRel
Comparison[0.1401]  EntRel[0.3493]  Expansion[0.2270]  NoRel[0.0139]  Temporal[0.1571]  Contingency[0.1127]  EntRel
Comparison[0.2343]  EntRel[0.1805]  Expansion[0.3476]  NoRel[0.0128]  Temporal[0.0779]  Contingency[0.1469]  Expansion
Comparison[0.1280]  EntRel[0.1623]  Expansion[0.2833]  NoRel[0.0132]  Temporal[0.0582]  Contingency[0.3550]  Contingency
Comparison[0.2249]  EntRel[0.2545]  Expansion[0.2244]  NoRel[0.0362]  Temporal[0.0462]  Contingency[0.2138]  EntRel
Comparison[0.0502]  EntRel[0.6021]  Expansion[0.2280]  NoRel[0.0329]  Temporal[0.0324]  Contingency[0.0545]  EntRel
Comparison[0.0238]  EntRel[0.8436]  Expansion[0.0687]  NoRel[0.0410]  Temporal[0.0202]  Contingency[0.0027]  EntRel
Comparison[0.0255]  EntRel[0.9169]  Expansion[0.0421]  NoRel[0.0040]  Temporal[0.0035]  Contingency[0.0080]  EntRel
Comparison[0.0338]  EntRel[0.7056]  Expansion[0.2046]  NoRel[0.0160]  Temporal[0.0072]  Contingency[0.0329]  EntRel
Comparison[0.0785]  EntRel[0.5419]  Expansion[0.2651]  NoRel[0.0042]  Temporal[0.0300]  Contingency[0.0802]  EntRel
Comparison[0.0794]  EntRel[0.5278]  Expansion[0.2879]  NoRel[0.0140]  Temporal[0.0407]  Contingency[0.0501]  EntRel
Comparison[0.1238]  EntRel[0.2857]  Expansion[0.3865]  NoRel[0.0131]  Temporal[0.0851]  Contingency[0.1058]  Expansion
Comparison[0.2015]  EntRel[0.5282]  Expansion[0.1911]  NoRel[0.0117]  Temporal[0.0319]  Contingency[0.0355]  EntRel
Comparison[0.0944]  EntRel[0.2776]  Expansion[0.2603]  NoRel[0.0163]  Temporal[0.0744]  Contingency[0.2770]  EntRel
Comparison[0.0862]  EntRel[0.5712]  Expansion[0.2720]  NoRel[0.0148]  Temporal[0.0413]  Contingency[0.0145]  EntRel
Comparison[0.0431]  EntRel[0.8091]  Expansion[0.1167]  NoRel[0.0161]  Temporal[0.0114]  Contingency[0.0037]  EntRel
Comparison[0.0685]  EntRel[0.4609]  Expansion[0.3807]  NoRel[0.0095]  Temporal[0.0624]  Contingency[0.0180]  EntRel
Comparison[0.0716]  EntRel[0.5879]  Expansion[0.1657]  NoRel[0.0194]  Temporal[0.1227]  Contingency[0.0327]  EntRel
Comparison[0.0841]  EntRel[0.5650]  Expansion[0.1727]  NoRel[0.0145]  Temporal[0.0641]  Contingency[0.0996]  EntRel
Comparison[0.0421]  EntRel[0.5752]  Expansion[0.3036]  NoRel[0.0178]  Temporal[0.0407]  Contingency[0.0207]  EntRel
Comparison[0.0363]  EntRel[0.7931]  Expansion[0.1575]  NoRel[0.0070]  Temporal[0.0052]  Contingency[0.0009]  EntRel
Comparison[0.1337]  EntRel[0.4864]  Expansion[0.2101]  NoRel[0.0473]  Temporal[0.0766]  Contingency[0.0459]  EntRel
Comparison[0.0859]  EntRel[0.3353]  Expansion[0.3786]  NoRel[0.0108]  Temporal[0.0480]  Contingency[0.1414]  Expansion
Comparison[0.0605]  EntRel[0.3374]  Expansion[0.4199]  NoRel[0.0834]  Temporal[0.0289]  Contingency[0.0700]  Expansion
Comparison[0.0790]  EntRel[0.5812]  Expansion[0.2562]  NoRel[0.0130]  Temporal[0.0342]  Contingency[0.0365]  EntRel
Comparison[0.1424]  EntRel[0.4976]  Expansion[0.2926]  NoRel[0.0127]  Temporal[0.0385]  Contingency[0.0163]  EntRel
Comparison[0.0335]  EntRel[0.5932]  Expansion[0.1258]  NoRel[0.0019]  Temporal[0.1921]  Contingency[0.0535]  EntRel
Comparison[0.1315]  EntRel[0.2062]  Expansion[0.5684]  NoRel[0.0195]  Temporal[0.0529]  Contingency[0.0216]  Expansion
Comparison[0.0765]  EntRel[0.1079]  Expansion[0.6425]  NoRel[0.0031]  Temporal[0.0598]  Contingency[0.1102]  Expansion
Comparison[0.0816]  EntRel[0.2132]  Expansion[0.4854]  NoRel[0.0024]  Temporal[0.0640]  Contingency[0.1535]  Expansion
Comparison[0.1592]  EntRel[0.2609]  Expansion[0.3792]  NoRel[0.0076]  Temporal[0.0653]  Contingency[0.1278]  Expansion
Comparison[0.0475]  EntRel[0.3984]  Expansion[0.3634]  NoRel[0.0021]  Temporal[0.0391]  Contingency[0.1495]  EntRel
Comparison[0.1011]  EntRel[0.4004]  Expansion[0.3065]  NoRel[0.0104]  Temporal[0.0446]  Contingency[0.1370]  EntRel
Comparison[0.0717]  EntRel[0.2563]  Expansion[0.4502]  NoRel[0.0123]  Temporal[0.0546]  Contingency[0.1549]  Expansion
Comparison[0.0637]  EntRel[0.6055]  Expansion[0.2759]  NoRel[0.0117]  Temporal[0.0074]  Contingency[0.0357]  EntRel
Comparison[0.0849]  EntRel[0.3676]  Expansion[0.3623]  NoRel[0.0671]  Temporal[0.0432]  Contingency[0.0751]  EntRel
Comparison[0.0817]  EntRel[0.5020]  Expansion[0.3229]  NoRel[0.0201]  Temporal[0.0657]  Contingency[0.0076]  EntRel
Comparison[0.0292]  EntRel[0.8137]  Expansion[0.1280]  NoRel[0.0130]  Temporal[0.0126]  Contingency[0.0035]  EntRel
Comparison[0.0724]  EntRel[0.5870]  Expansion[0.1677]  NoRel[0.0808]  Temporal[0.0515]  Contingency[0.0406]  EntRel
Comparison[0.1555]  EntRel[0.3488]  Expansion[0.2545]  NoRel[0.0084]  Temporal[0.0679]  Contingency[0.1648]  EntRel
Comparison[0.1194]  EntRel[0.1719]  Expansion[0.2865]  NoRel[0.0140]  Temporal[0.0521]  Contingency[0.3560]  Contingency
Comparison[0.0701]  EntRel[0.2100]  Expansion[0.4108]  NoRel[0.0392]  Temporal[0.0938]  Contingency[0.1759]  Expansion
Comparison[0.0764]  EntRel[0.6983]  Expansion[0.1337]  NoRel[0.0078]  Temporal[0.0503]  Contingency[0.0334]  EntRel
Comparison[0.1555]  EntRel[0.5843]  Expansion[0.1320]  NoRel[0.0397]  Temporal[0.0451]  Contingency[0.0434]  EntRel
Comparison[0.0999]  EntRel[0.2460]  Expansion[0.4088]  NoRel[0.0148]  Temporal[0.0675]  Contingency[0.1631]  Expansion
Comparison[0.1462]  EntRel[0.2655]  Expansion[0.2930]  NoRel[0.0133]  Temporal[0.1241]  Contingency[0.1579]  Expansion
Comparison[0.0818]  EntRel[0.4769]  Expansion[0.2415]  NoRel[0.1043]  Temporal[0.0507]  Contingency[0.0448]  EntRel
Comparison[0.0676]  EntRel[0.4842]  Expansion[0.3373]  NoRel[0.0695]  Temporal[0.0112]  Contingency[0.0302]  EntRel
Comparison[0.1166]  EntRel[0.6643]  Expansion[0.1354]  NoRel[0.0111]  Temporal[0.0079]  Contingency[0.0646]  EntRel
Comparison[0.1325]  EntRel[0.1566]  Expansion[0.3534]  NoRel[0.0772]  Temporal[0.1067]  Contingency[0.1736]  Expansion
Comparison[0.1025]  EntRel[0.3708]  Expansion[0.2933]  NoRel[0.1063]  Temporal[0.0557]  Contingency[0.0714]  EntRel
Comparison[0.0516]  EntRel[0.7518]  Expansion[0.1050]  NoRel[0.0245]  Temporal[0.0345]  Contingency[0.0326]  EntRel
Comparison[0.0812]  EntRel[0.4821]  Expansion[0.2339]  NoRel[0.0027]  Temporal[0.1067]  Contingency[0.0935]  EntRel
Comparison[0.0788]  EntRel[0.7427]  Expansion[0.0839]  NoRel[0.0288]  Temporal[0.0587]  Contingency[0.0072]  EntRel
Comparison[0.0218]  EntRel[0.8309]  Expansion[0.1220]  NoRel[0.0124]  Temporal[0.0091]  Contingency[0.0039]  EntRel
Comparison[0.1279]  EntRel[0.4372]  Expansion[0.3168]  NoRel[0.0145]  Temporal[0.0848]  Contingency[0.0188]  EntRel
Comparison[0.0720]  EntRel[0.3913]  Expansion[0.2123]  NoRel[0.0209]  Temporal[0.2164]  Contingency[0.0872]  EntRel
