Comparison[0.0830]  EntRel[0.5350]  Expansion[0.2803]  NoRel[0.0141]  Temporal[0.0237]  Contingency[0.0639]  EntRel
Comparison[0.0603]  EntRel[0.5685]  Expansion[0.2291]  NoRel[0.0655]  Temporal[0.0071]  Contingency[0.0694]  EntRel
Comparison[0.2211]  EntRel[0.1641]  Expansion[0.4974]  NoRel[0.0122]  Temporal[0.0139]  Contingency[0.0912]  Expansion
Comparison[0.1686]  EntRel[0.2283]  Expansion[0.2655]  NoRel[0.0227]  Temporal[0.0478]  Contingency[0.2670]  Contingency
Comparison[0.1271]  EntRel[0.2357]  Expansion[0.4692]  NoRel[0.0208]  Temporal[0.0291]  Contingency[0.1181]  Expansion
Comparison[0.0939]  EntRel[0.3443]  Expansion[0.3178]  NoRel[0.0114]  Temporal[0.1092]  Contingency[0.1233]  EntRel
Comparison[0.1792]  EntRel[0.2924]  Expansion[0.4435]  NoRel[0.0142]  Temporal[0.0495]  Contingency[0.0212]  Expansion
Comparison[0.0621]  EntRel[0.5688]  Expansion[0.2954]  NoRel[0.0197]  Temporal[0.0212]  Contingency[0.0329]  EntRel
Comparison[0.0499]  EntRel[0.2008]  Expansion[0.4634]  NoRel[0.0062]  Temporal[0.0080]  Contingency[0.2717]  Expansion
Comparison[0.0763]  EntRel[0.5501]  Expansion[0.2129]  NoRel[0.0078]  Temporal[0.0761]  Contingency[0.0768]  EntRel
Comparison[0.0894]  EntRel[0.3549]  Expansion[0.3416]  NoRel[0.0179]  Temporal[0.1213]  Contingency[0.0749]  EntRel
Comparison[0.0763]  EntRel[0.1458]  Expansion[0.6346]  NoRel[0.0060]  Temporal[0.0075]  Contingency[0.1298]  Expansion
Comparison[0.1313]  EntRel[0.2184]  Expansion[0.2779]  NoRel[0.0261]  Temporal[0.0691]  Contingency[0.2772]  Expansion
Comparison[0.0269]  EntRel[0.6767]  Expansion[0.2747]  NoRel[0.0017]  Temporal[0.0056]  Contingency[0.0144]  EntRel
Comparison[0.0812]  EntRel[0.5783]  Expansion[0.2154]  NoRel[0.0299]  Temporal[0.0315]  Contingency[0.0637]  EntRel
Comparison[0.2146]  EntRel[0.2361]  Expansion[0.3140]  NoRel[0.0222]  Temporal[0.0376]  Contingency[0.1755]  Expansion
Comparison[0.1129]  EntRel[0.4265]  Expansion[0.3512]  NoRel[0.0209]  Temporal[0.0694]  Contingency[0.0191]  EntRel
Comparison[0.1110]  EntRel[0.1802]  Expansion[0.3253]  NoRel[0.0269]  Temporal[0.0214]  Contingency[0.3352]  Contingency
Comparison[0.1190]  EntRel[0.2154]  Expansion[0.5022]  NoRel[0.0115]  Temporal[0.0354]  Contingency[0.1166]  Expansion
Comparison[0.1517]  EntRel[0.1667]  Expansion[0.3179]  NoRel[0.0062]  Temporal[0.0139]  Contingency[0.3435]  Contingency
Comparison[0.0334]  EntRel[0.3008]  Expansion[0.5935]  NoRel[0.0037]  Temporal[0.0088]  Contingency[0.0598]  Expansion
Comparison[0.1120]  EntRel[0.1815]  Expansion[0.3115]  NoRel[0.0478]  Temporal[0.1384]  Contingency[0.2088]  Expansion
Comparison[0.1271]  EntRel[0.4899]  Expansion[0.3111]  NoRel[0.0180]  Temporal[0.0377]  Contingency[0.0162]  EntRel
Comparison[0.0722]  EntRel[0.4301]  Expansion[0.1572]  NoRel[0.2144]  Temporal[0.0957]  Contingency[0.0305]  EntRel
Comparison[0.1242]  EntRel[0.4112]  Expansion[0.4392]  NoRel[0.0051]  Temporal[0.0101]  Contingency[0.0102]  Expansion
Comparison[0.1126]  EntRel[0.7060]  Expansion[0.1001]  NoRel[0.0660]  Temporal[0.0079]  Contingency[0.0074]  EntRel
Comparison[0.0952]  EntRel[0.4044]  Expansion[0.4414]  NoRel[0.0177]  Temporal[0.0082]  Contingency[0.0331]  Expansion
