Expansion[0.9670]  Contingency[0.0081]  Comparison[0.0248]  Temporal[0.0002]  Expansion
Expansion[0.0300]  Contingency[0.9519]  Comparison[0.0099]  Temporal[0.0082]  Contingency
Expansion[0.0067]  Contingency[0.0149]  Comparison[0.9683]  Temporal[0.0100]  Comparison
Expansion[0.0008]  Contingency[0.0054]  Comparison[0.9799]  Temporal[0.0138]  Comparison
Expansion[0.0100]  Contingency[0.3668]  Comparison[0.0294]  Temporal[0.5938]  Temporal
Expansion[0.0002]  Contingency[0.3073]  Comparison[0.0373]  Temporal[0.6552]  Temporal
Expansion[0.0258]  Contingency[0.0012]  Comparison[0.9718]  Temporal[0.0012]  Comparison
Expansion[0.0038]  Contingency[0.9555]  Comparison[0.0153]  Temporal[0.0254]  Contingency
Expansion[0.0025]  Contingency[0.9798]  Comparison[0.0073]  Temporal[0.0104]  Contingency
Expansion[0.8371]  Contingency[0.0019]  Comparison[0.0144]  Temporal[0.1465]  Expansion
Expansion[0.9069]  Contingency[0.0765]  Comparison[0.0079]  Temporal[0.0087]  Expansion
Expansion[0.0026]  Contingency[0.0584]  Comparison[0.0004]  Temporal[0.9386]  Temporal
Expansion[0.0013]  Contingency[0.9893]  Comparison[0.0039]  Temporal[0.0055]  Contingency
Expansion[0.0083]  Contingency[0.4322]  Comparison[0.0130]  Temporal[0.5466]  Temporal
Expansion[0.0258]  Contingency[0.0012]  Comparison[0.9718]  Temporal[0.0012]  Comparison
Expansion[0.8987]  Contingency[0.0407]  Comparison[0.0202]  Temporal[0.0405]  Expansion
Expansion[0.0001]  Contingency[0.9993]  Comparison[0.0002]  Temporal[0.0003]  Contingency
Expansion[0.0001]  Contingency[0.9886]  Comparison[0.0006]  Temporal[0.0107]  Contingency
Expansion[0.0258]  Contingency[0.0012]  Comparison[0.9718]  Temporal[0.0012]  Comparison
Expansion[0.0003]  Contingency[0.3002]  Comparison[0.0008]  Temporal[0.6987]  Temporal
Expansion[0.0053]  Contingency[0.0773]  Comparison[0.0157]  Temporal[0.9017]  Temporal
Expansion[0.0013]  Contingency[0.9893]  Comparison[0.0039]  Temporal[0.0055]  Contingency
Expansion[0.9224]  Contingency[0.0707]  Comparison[0.0011]  Temporal[0.0057]  Expansion
Expansion[0.0002]  Contingency[0.2285]  Comparison[0.0008]  Temporal[0.7705]  Temporal
Expansion[0.0100]  Contingency[0.3668]  Comparison[0.0294]  Temporal[0.5938]  Temporal
Expansion[0.0258]  Contingency[0.0012]  Comparison[0.9718]  Temporal[0.0012]  Comparison
Expansion[0.0003]  Contingency[0.1450]  Comparison[0.0010]  Temporal[0.8537]  Temporal
Expansion[0.0010]  Contingency[0.9877]  Comparison[0.0042]  Temporal[0.0070]  Contingency
Expansion[0.9069]  Contingency[0.0765]  Comparison[0.0079]  Temporal[0.0087]  Expansion
Expansion[0.0321]  Contingency[0.0006]  Comparison[0.9655]  Temporal[0.0017]  Comparison
Expansion[0.0003]  Contingency[0.0073]  Comparison[0.9875]  Temporal[0.0049]  Comparison
Expansion[0.0064]  Contingency[0.0402]  Comparison[0.0189]  Temporal[0.9346]  Temporal
Expansion[0.0124]  Contingency[0.0031]  Comparison[0.9766]  Temporal[0.0079]  Comparison
Expansion[0.0013]  Contingency[0.9893]  Comparison[0.0039]  Temporal[0.0055]  Contingency
Expansion[0.0087]  Contingency[0.9860]  Comparison[0.0029]  Temporal[0.0024]  Contingency
Expansion[0.0067]  Contingency[0.0149]  Comparison[0.9683]  Temporal[0.0100]  Comparison
Expansion[0.0053]  Contingency[0.0773]  Comparison[0.0157]  Temporal[0.9017]  Temporal
Expansion[0.0407]  Contingency[0.0536]  Comparison[0.4258]  Temporal[0.4798]  Temporal
Expansion[0.0711]  Contingency[0.0146]  Comparison[0.0013]  Temporal[0.9129]  Temporal
Expansion[0.0321]  Contingency[0.0006]  Comparison[0.9655]  Temporal[0.0017]  Comparison
Expansion[0.9069]  Contingency[0.0765]  Comparison[0.0079]  Temporal[0.0087]  Expansion
Expansion[0.0013]  Contingency[0.9893]  Comparison[0.0039]  Temporal[0.0055]  Contingency
Expansion[0.9069]  Contingency[0.0765]  Comparison[0.0079]  Temporal[0.0087]  Expansion
Expansion[0.0612]  Contingency[0.0006]  Comparison[0.9376]  Temporal[0.0006]  Comparison
